{
  "asset": {
    "unit": {
      "name": "meter",
      "meter": 1
    },
    "upAxis": "Y_UP",
    "title": null,
    "subject": null,
    "created": "Tue May 07 2013 16:55:22 GMT+0300 (\u041c\u043e\u0441\u043a\u043e\u0432\u0441\u043a\u043e\u0435 \u0432\u0440\u0435\u043c\u044f (\u0437\u0438\u043c\u0430))",
    "modified": "Tue May 07 2013 16:55:22 GMT+0300 (\u041c\u043e\u0441\u043a\u043e\u0432\u0441\u043a\u043e\u0435 \u0432\u0440\u0435\u043c\u044f (\u0437\u0438\u043c\u0430))",
    "contributor": {
      "author": null,
      "authoringTool": "Akra Engine exporter;Version 0.0.1;Browser Chrome, 28.0.1496.0 (Windows)",
      "comments": null,
      "copyright": null,
      "sourceData": null
    },
    "keywords": null
  },
  "library": [
    {
      "type": 2,
      "animations": [
        1187,
        1196,
        1230,
        1478,
        1511,
        1564
      ],
      "options": 0,
      "name": "movement",
      "guid": 1172
    },
    {
      "name": "run.DAE",
      "targets": [
        {
          "name": "node-Bip001",
          "target": null
        },
        {
          "name": "node-Bip001_Footsteps",
          "target": null
        },
        {
          "name": "node-Bip001_Pelvis",
          "target": null
        },
        {
          "name": "node-Bip001_Spine",
          "target": null
        },
        {
          "name": "node-Bip001_Spine1",
          "target": null
        },
        {
          "name": "node-Bip001_Spine2",
          "target": null
        },
        {
          "name": "node-Bip001_Neck",
          "target": null
        },
        {
          "name": "node-Bip001_Head",
          "target": null
        },
        {
          "name": "node-Bone_hair01",
          "target": null
        },
        {
          "name": "node-Bone_hair02",
          "target": null
        },
        {
          "name": "node-Bone_hair03",
          "target": null
        },
        {
          "name": "node-Bip001_L_Clavicle",
          "target": null
        },
        {
          "name": "node-Bip001_L_UpperArm",
          "target": null
        },
        {
          "name": "node-Bip001_L_Forearm",
          "target": null
        },
        {
          "name": "node-Bip001_L_Hand",
          "target": null
        },
        {
          "name": "node-Bip001_L_ForeTwist",
          "target": null
        },
        {
          "name": "node-Bip001_L_ForeTwist1",
          "target": null
        },
        {
          "name": "node-Bip001_LUpArmTwist",
          "target": null
        },
        {
          "name": "node-Bip001_R_Clavicle",
          "target": null
        },
        {
          "name": "node-Bip001_R_UpperArm",
          "target": null
        },
        {
          "name": "node-Bip001_R_Forearm",
          "target": null
        },
        {
          "name": "node-Bip001_R_Hand",
          "target": null
        },
        {
          "name": "node-Bip001_R_ForeTwist",
          "target": null
        },
        {
          "name": "node-Bip001_R_ForeTwist1",
          "target": null
        },
        {
          "name": "node-Bip001_RUpArmTwist",
          "target": null
        },
        {
          "name": "node-Bone006",
          "target": null
        },
        {
          "name": "node-Bone_backpack",
          "target": null
        },
        {
          "name": "node-Bone009",
          "target": null
        },
        {
          "name": "node-Bone010",
          "target": null
        },
        {
          "name": "node-Bone011",
          "target": null
        },
        {
          "name": "node-Bone012",
          "target": null
        },
        {
          "name": "node-Bone013",
          "target": null
        },
        {
          "name": "node-Bip001_L_Thigh",
          "target": null
        },
        {
          "name": "node-Bip001_L_Calf",
          "target": null
        },
        {
          "name": "node-Bip001_L_Foot",
          "target": null
        },
        {
          "name": "node-Bip001_L_Toe0",
          "target": null
        },
        {
          "name": "node-Bip001_LCalfTwist",
          "target": null
        },
        {
          "name": "node-Bip001_LCalfTwist1",
          "target": null
        },
        {
          "name": "node-Bip001_R_Thigh",
          "target": null
        },
        {
          "name": "node-Bip001_R_Calf",
          "target": null
        },
        {
          "name": "node-Bip001_R_Foot",
          "target": null
        },
        {
          "name": "node-Bip001_R_Toe0",
          "target": null
        },
        {
          "name": "node-Bip001_RCalfTwist",
          "target": null
        },
        {
          "name": "node-Bip001_RCalfTwist1",
          "target": null
        },
        {
          "name": "node-Bip001_LThighTwist",
          "target": null
        },
        {
          "name": "node-Bip001_RThighTwist",
          "target": null
        },
        {
          "name": "node-Bip001_RThighTwist1",
          "target": null
        },
        {
          "name": "node-Bip001_LThighTwist1",
          "target": null
        },
        {
          "name": "node-Bone_holsterR",
          "target": null
        },
        {
          "name": "node-Bip001_R_Toe0Nub",
          "target": null
        },
        {
          "name": "node-Bone_holsterL",
          "target": null
        },
        {
          "name": "node-Bip001_L_Toe0Nub",
          "target": null
        },
        {
          "name": "node-Bone_knife",
          "target": null
        },
        {
          "name": "node-Bone_knifes",
          "target": null
        },
        {
          "name": "node-Bip001_RUpArmTwist1",
          "target": null
        },
        {
          "name": "node-Bip001_R_Finger4",
          "target": null
        },
        {
          "name": "node-Bip001_R_Finger41",
          "target": null
        },
        {
          "name": "node-Bip001_R_Finger42",
          "target": null
        },
        {
          "name": "node-Bip001_R_Finger4Nub",
          "target": null
        },
        {
          "name": "node-Bip001_R_Finger3",
          "target": null
        },
        {
          "name": "node-Bip001_R_Finger31",
          "target": null
        },
        {
          "name": "node-Bip001_R_Finger32",
          "target": null
        },
        {
          "name": "node-Bip001_R_Finger3Nub",
          "target": null
        },
        {
          "name": "node-Bip001_R_Finger2",
          "target": null
        },
        {
          "name": "node-Bip001_R_Finger21",
          "target": null
        },
        {
          "name": "node-Bip001_R_Finger22",
          "target": null
        },
        {
          "name": "node-Bip001_R_Finger2Nub",
          "target": null
        },
        {
          "name": "node-Bip001_R_Finger1",
          "target": null
        },
        {
          "name": "node-Bip001_R_Finger11",
          "target": null
        },
        {
          "name": "node-Bip001_R_Finger12",
          "target": null
        },
        {
          "name": "node-Bip001_R_Finger1Nub",
          "target": null
        },
        {
          "name": "node-Bip001_R_Finger0",
          "target": null
        },
        {
          "name": "node-Bip001_R_Finger01",
          "target": null
        },
        {
          "name": "node-Bip001_R_Finger02",
          "target": null
        },
        {
          "name": "node-Bip001_R_Finger0Nub",
          "target": null
        },
        {
          "name": "node-Bip001_LUpArmTwist1",
          "target": null
        },
        {
          "name": "node-Bip001_L_Finger4",
          "target": null
        },
        {
          "name": "node-Bip001_L_Finger41",
          "target": null
        },
        {
          "name": "node-Bip001_L_Finger42",
          "target": null
        },
        {
          "name": "node-Bip001_L_Finger4Nub",
          "target": null
        },
        {
          "name": "node-Bip001_L_Finger3",
          "target": null
        },
        {
          "name": "node-Bip001_L_Finger31",
          "target": null
        },
        {
          "name": "node-Bip001_L_Finger32",
          "target": null
        },
        {
          "name": "node-Bip001_L_Finger3Nub",
          "target": null
        },
        {
          "name": "node-Bip001_L_Finger2",
          "target": null
        },
        {
          "name": "node-Bip001_L_Finger21",
          "target": null
        },
        {
          "name": "node-Bip001_L_Finger22",
          "target": null
        },
        {
          "name": "node-Bip001_L_Finger2Nub",
          "target": null
        },
        {
          "name": "node-Bip001_L_Finger1",
          "target": null
        },
        {
          "name": "node-Bip001_L_Finger11",
          "target": null
        },
        {
          "name": "node-Bip001_L_Finger12",
          "target": null
        },
        {
          "name": "node-Bip001_L_Finger1Nub",
          "target": null
        },
        {
          "name": "node-Bip001_L_Finger0",
          "target": null
        },
        {
          "name": "node-Bip001_L_Finger01",
          "target": null
        },
        {
          "name": "node-Bip001_L_Finger02",
          "target": null
        },
        {
          "name": "node-Bip001_L_Finger0Nub",
          "target": null
        },
        {
          "name": "node-Bone_lip_r",
          "target": null
        },
        {
          "name": "node-Bone_lip_u",
          "target": null
        },
        {
          "name": "node-Bone_lip_l",
          "target": null
        },
        {
          "name": "node-Bone0_eyeL_liddown",
          "target": null
        },
        {
          "name": "node-Bone0_eyeL",
          "target": null
        },
        {
          "name": "node-Bone0_eyeL_lidup",
          "target": null
        },
        {
          "name": "node-Bone_eyeR_liddown",
          "target": null
        },
        {
          "name": "node-Bone_eyeR",
          "target": null
        },
        {
          "name": "node-Bone_eyeR_lidup",
          "target": null
        },
        {
          "name": "node-Bone_brow",
          "target": null
        },
        {
          "name": "node-Bone_nose",
          "target": null
        },
        {
          "name": "node-Bone_jaw",
          "target": null
        },
        {
          "name": "node-Bone_lip_d",
          "target": null
        },
        {
          "name": "node-Bip001_HeadNub",
          "target": null
        }
      ],
      "type": 3,
      "extra": {
        "graph": {
          "x": 10,
          "y": 28
        }
      },
      "tracks": [
        {
          "interpolation": 0,
          "keyframes": [
            {
              "time": 0,
              "weight": 1,
              "matrix": [
                0.013801270164549,
                -0.89858031272888,
                -0.43859219551086,
                0,
                0.99917602539062,
                0.029138440266252,
                -0.028257070109248,
                0,
                0.038171168416739,
                -0.4378407895565,
                0.89824187755585,
                0,
                -0.039367970079184,
                2.5953629016876,
                99.589302062988,
                1
              ]
            },
            {
              "time": 0.033333338797092,
              "weight": 1,
              "matrix": [
                0.027370689436793,
                -0.89783668518066,
                -0.43947720527649,
                0,
                0.99943107366562,
                0.03324431180954,
                -0.0056721558794379,
                0,
                0.019702790305018,
                -0.43907189369202,
                0.89823591709137,
                0,
                0.57990908622742,
                2.5953640937805,
                103.13439941406,
                1
              ]
            },
            {
              "time": 0.066666670143604,
              "weight": 1,
              "matrix": [
                0.04242992028594,
                -0.89705872535706,
                -0.43986970186234,
                0,
                0.99909901618958,
                0.037706788629293,
                0.019474979490042,
                0,
                -0.00088417500955984,
                -0.44029968976974,
                0.89785051345825,
                0,
                1.2621680498123,
                2.5953640937805,
                107.16590118408,
                1
              ]
            },
            {
              "time": 0.10000000149012,
              "weight": 1,
              "matrix": [
                0.056753810495138,
                -0.89620512723923,
                -0.43999481201172,
                0,
                0.99818009138107,
                0.041936028748751,
                0.043335020542145,
                0,
                -0.020385440438986,
                -0.44165340065956,
                0.89695411920547,
                0,
                1.9129370450974,
                2.5953629016876,
                110.95420074463,
                1
              ]
            },
            {
              "time": 0.13333329558372,
              "weight": 1,
              "matrix": [
                0.068130493164062,
                -0.89526838064194,
                -0.44028699398041,
                0,
                0.99704092741013,
                0.045349411666393,
                0.062070779502392,
                0,
                -0.03560322150588,
                -0.44321310520172,
                0.89570897817612,
                0,
                2.4377400875092,
                2.5953629016876,
                113.76959991455,
                1
              ]
            },
            {
              "time": 0.16666670143604,
              "weight": 1,
              "matrix": [
                0.074360482394695,
                -0.89426380395889,
                -0.44131949543953,
                0,
                0.99628829956055,
                0.047377701848745,
                0.071867100894451,
                0,
                -0.043359391391277,
                -0.44502550363541,
                0.89446759223938,
                0,
                2.7421059608459,
                2.5953629016876,
                114.88230133057,
                1
              ]
            },
            {
              "time": 0.20000000298023,
              "weight": 1,
              "matrix": [
                0.074765138328075,
                -0.89311277866364,
                -0.44357600808144,
                0,
                0.99630051851273,
                0.047999441623688,
                0.071283400058746,
                0,
                -0.042372699826956,
                -0.44726461172104,
                0.89339751005173,
                0,
                2.7630519866943,
                2.5953629016876,
                113.3224029541,
                1
              ]
            },
            {
              "time": 0.23333330452442,
              "weight": 1,
              "matrix": [
                0.070789627730846,
                -0.89182752370834,
                -0.44680258631706,
                0,
                0.99688458442688,
                0.04763263091445,
                0.062866620719433,
                0,
                -0.034783840179443,
                -0.44986090064049,
                0.89242100715637,
                0,
                2.5635600090027,
                2.5953629016876,
                109.57630157471,
                1
              ]
            },
            {
              "time": 0.26666671037674,
              "weight": 1,
              "matrix": [
                0.063417732715607,
                -0.89055520296097,
                -0.45043280720711,
                0,
                0.99773210287094,
                0.04637448862195,
                0.048786100000143,
                0,
                -0.022558150812984,
                -0.4525052011013,
                0.89147639274597,
                0,
                2.2381041049957,
                2.5953629016876,
                105.09899902344,
                1
              ]
            },
            {
              "time": 0.30000001192093,
              "weight": 1,
              "matrix": [
                0.053651630878448,
                -0.8894407749176,
                -0.45389029383659,
                0,
                0.99853032827377,
                0.044302761554718,
                0.031214769929647,
                0,
                -0.0076551428064704,
                -0.45489799976349,
                0.89051067829132,
                0,
                1.881157040596,
                2.5953629016876,
                101.34559631348,
                1
              ]
            },
            {
              "time": 0.33333331346512,
              "weight": 1,
              "matrix": [
                0.042525578290224,
                -0.8886324763298,
                -0.45664420723915,
                0,
                0.99906361103058,
                0.041470281779766,
                0.01233762037009,
                0,
                0.0079734921455383,
                -0.45674130320549,
                0.88956379890442,
                0,
                1.5871920585632,
                2.5953629016876,
                99.771110534668,
                1
              ]
            },
            {
              "time": 0.36666670441628,
              "weight": 1,
              "matrix": [
                0.027076419442892,
                -0.88801777362823,
                -0.45901098847389,
                0,
                0.99924290180206,
                0.036876440048218,
                -0.012398360297084,
                0,
                0.027936570346355,
                -0.45832771062851,
                0.88834410905838,
                0,
                0.69837027788162,
                2.5953629016876,
                101.34559631348,
                1
              ]
            },
            {
              "time": 0.40000000596046,
              "weight": 1,
              "matrix": [
                0.0065920348279178,
                -0.88741290569305,
                -0.46092841029167,
                0,
                0.99854618310928,
                0.03050141967833,
                -0.044442769140005,
                0,
                0.053498018532991,
                -0.45996540784836,
                0.88632380962372,
                0,
                -0.29061180353165,
                2.5953629016876,
                105.09899902344,
                1
              ]
            },
            {
              "time": 0.43333330750465,
              "weight": 1,
              "matrix": [
                -0.014436240307987,
                -0.88692742586136,
                -0.46168330311775,
                0,
                0.99675250053406,
                0.02381831035018,
                -0.076923839747906,
                0,
                0.07922238111496,
                -0.46129450201988,
                0.88370311260223,
                0,
                -1.2295119762421,
                2.5953629016876,
                109.57630157471,
                1
              ]
            },
            {
              "time": 0.46666669845581,
              "weight": 1,
              "matrix": [
                -0.031477089971304,
                -0.88678568601608,
                -0.46110790967941,
                0,
                0.99451488256454,
                0.018251769244671,
                -0.10299079865217,
                0,
                0.099746823310852,
                -0.46182060241699,
                0.88134700059891,
                0,
                -1.9680930376053,
                2.5953629016876,
                113.3224029541,
                1
              ]
            },
            {
              "time": 0.5,
              "weight": 1,
              "matrix": [
                -0.040016651153564,
                -0.88730001449585,
                -0.45945319533348,
                0,
                0.99314922094345,
                0.015203350223601,
                -0.11586040258408,
                0,
                0.10978820174932,
                -0.46094191074371,
                0.88061290979385,
                0,
                -2.3561100959778,
                2.5953629016876,
                114.88230133057,
                1
              ]
            },
            {
              "time": 0.53333342075348,
              "weight": 1,
              "matrix": [
                -0.037879701703787,
                -0.88876587152481,
                -0.45679348707199,
                0,
                0.99357497692108,
                0.015288289636374,
                -0.11213830113411,
                0,
                0.10664830356836,
                -0.45810639858246,
                0.8824765086174,
                0,
                -2.2934041023254,
                2.5953629016876,
                113.76959991455,
                1
              ]
            },
            {
              "time": 0.56666672229767,
              "weight": 1,
              "matrix": [
                -0.028106210753322,
                -0.89100217819214,
                -0.45312809944153,
                0,
                0.99519068002701,
                0.017611859366298,
                -0.096359610557556,
                0,
                0.093837082386017,
                -0.4536572098732,
                0.88622218370438,
                0,
                -1.880136013031,
                2.5953629016876,
                110.95420074463,
                1
              ]
            },
            {
              "time": 0.60000002384186,
              "weight": 1,
              "matrix": [
                -0.014038199558854,
                -0.89361387491226,
                -0.44861710071564,
                0,
                0.99705481529236,
                0.021320989355445,
                -0.073669850826263,
                0,
                0.075397372245789,
                -0.44832989573479,
                0.89068257808685,
                0,
                -1.2665469646454,
                2.5953629016876,
                107.16590118408,
                1
              ]
            },
            {
              "time": 0.63333332538605,
              "weight": 1,
              "matrix": [
                0.0010142920073122,
                -0.89623862504959,
                -0.44357120990753,
                0,
                0.99846160411835,
                0.025499520823359,
                -0.049238801002502,
                0,
                0.055440600961447,
                -0.44283869862556,
                0.8948854804039,
                0,
                -0.60287702083588,
                2.5953629016876,
                103.13439941406,
                1
              ]
            },
            {
              "time": 0.66666668653488,
              "weight": 1,
              "matrix": [
                0.013801150023937,
                -0.8985800743103,
                -0.43859219551086,
                0,
                0.99917590618134,
                0.029138319194317,
                -0.028257129713893,
                0,
                0.038171108812094,
                -0.4378407895565,
                0.8982418179512,
                0,
                -0.039367608726025,
                2.5953629016876,
                99.589302062988,
                1
              ]
            }
          ],
          "targetName": "node-Bip001",
          "target": null
        },
        {
          "interpolation": 0,
          "keyframes": [
            {
              "time": 0,
              "weight": 1,
              "matrix": [
                0.013801209628582,
                0.99917590618134,
                0.038171168416739,
                0,
                -0.89858019351959,
                0.029138440266252,
                -0.43784070014954,
                0,
                -0.4385921061039,
                -0.028257070109248,
                0.8982418179512,
                0,
                43.6787109375,
                2.8140819072723,
                -89.454521179199,
                1
              ]
            },
            {
              "time": 0.033333338797092,
              "weight": 1,
              "matrix": [
                0.027370689436793,
                0.9994313120842,
                0.019702790305018,
                0,
                -0.89783680438995,
                0.033244248479605,
                -0.43907201290131,
                0,
                -0.43947720527649,
                -0.005672215949744,
                0.89823597669601,
                0,
                45.324871063232,
                0.58499628305435,
                -92.638343811035,
                1
              ]
            },
            {
              "time": 0.066666670143604,
              "weight": 1,
              "matrix": [
                0.042429860681295,
                0.99909907579422,
                -0.000884170003701,
                0,
                -0.89705890417099,
                0.037706788629293,
                -0.44029980897903,
                0,
                -0.43986970186234,
                0.019475039094687,
                0.89785051345825,
                0,
                46.373069763184,
                -2.0531480312347,
                -94.655502319336,
                1
              ]
            },
            {
              "time": 0.10000000149012,
              "weight": 1,
              "matrix": [
                0.056753750890493,
                0.99817997217178,
                -0.020385440438986,
                0,
                -0.89620500802994,
                0.041936028748751,
                -0.44165340065956,
                0,
                -0.43999469280243,
                0.043335020542145,
                0.89695399999619,
                0,
                44.836620330811,
                -4.4159569740295,
                -91.401962280273,
                1
              ]
            },
            {
              "time": 0.13333329558372,
              "weight": 1,
              "matrix": [
                0.068130433559418,
                0.99704110622406,
                -0.03560322150588,
                0,
                -0.89526849985123,
                0.045349411666393,
                -0.44321310520172,
                0,
                -0.44028690457344,
                0.062070779502392,
                0.89570897817612,
                0,
                40.942001342773,
                -5.7719249725342,
                -83.291397094727,
                1
              ]
            },
            {
              "time": 0.16666670143604,
              "weight": 1,
              "matrix": [
                0.074360482394695,
                0.99628847837448,
                -0.043359391391277,
                0,
                -0.89426392316818,
                0.04737763851881,
                -0.44502550363541,
                0,
                -0.44131949543953,
                0.071867100894451,
                0.89446771144867,
                0,
                35.597778320312,
                -5.7969570159912,
                -72.149696350098,
                1
              ]
            },
            {
              "time": 0.20000000298023,
              "weight": 1,
              "matrix": [
                0.074765078723431,
                0.99630051851273,
                -0.042372699826956,
                0,
                -0.89311271905899,
                0.047999441623688,
                -0.44726449251175,
                0,
                -0.44357600808144,
                0.071283400058746,
                0.89339727163315,
                0,
                38.67631149292,
                -6.2153468132019,
                -77.897163391113,
                1
              ]
            },
            {
              "time": 0.23333330452442,
              "weight": 1,
              "matrix": [
                0.070789568126202,
                0.99688458442688,
                -0.034783840179443,
                0,
                -0.89182752370834,
                0.04763263091445,
                -0.44986090064049,
                0,
                -0.44680258631706,
                0.062866680324078,
                0.89242100715637,
                0,
                39.598831176758,
                -5.5716972351074,
                -79.092727661133,
                1
              ]
            },
            {
              "time": 0.26666671037674,
              "weight": 1,
              "matrix": [
                0.063417732715607,
                0.99773222208023,
                -0.022558150812984,
                0,
                -0.89055520296097,
                0.046374440193176,
                -0.4525052011013,
                0,
                -0.45043280720711,
                0.048786159604788,
                0.89147651195526,
                0,
                39.085380554199,
                -4.2333202362061,
                -77.35604095459,
                1
              ]
            },
            {
              "time": 0.30000001192093,
              "weight": 1,
              "matrix": [
                0.053651630878448,
                0.99853050708771,
                -0.0076550841331482,
                0,
                -0.88944101333618,
                0.044302761554718,
                -0.45489799976349,
                0,
                -0.45389029383659,
                0.031214769929647,
                0.89051067829132,
                0,
                39.388851165771,
                -2.7088389396667,
                -77.279006958008,
                1
              ]
            },
            {
              "time": 0.33333331346512,
              "weight": 1,
              "matrix": [
                0.042525518685579,
                0.99906361103058,
                0.0079734921455383,
                0,
                -0.88863241672516,
                0.041470281779766,
                -0.45674130320549,
                0,
                -0.45664420723915,
                0.01233762037009,
                0.88956391811371,
                0,
                42.033351898193,
                -1.1356619596481,
                -81.882911682129,
                1
              ]
            },
            {
              "time": 0.36666670441628,
              "weight": 1,
              "matrix": [
                0.027076419442892,
                0.99924302101135,
                0.027936629951,
                0,
                -0.88801801204681,
                0.036876380443573,
                -0.45832780003548,
                0,
                -0.45901098847389,
                -0.012398299761117,
                0.88834410905838,
                0,
                46.655941009521,
                1.260223031044,
                -90.295288085938,
                1
              ]
            },
            {
              "time": 0.40000000596046,
              "weight": 1,
              "matrix": [
                0.006591975223273,
                0.99854630231857,
                0.053498018532991,
                0,
                -0.88741302490234,
                0.03050141967833,
                -0.45996540784836,
                0,
                -0.46092841029167,
                -0.04444270953536,
                0.88632392883301,
                0,
                48.388759613037,
                4.665647983551,
                -93.047218322754,
                1
              ]
            },
            {
              "time": 0.43333330750465,
              "weight": 1,
              "matrix": [
                -0.014436240307987,
                0.99675250053406,
                0.07922238111496,
                0,
                -0.88692742586136,
                0.02381831035018,
                -0.46129450201988,
                0,
                -0.46168339252472,
                -0.076923839747906,
                0.88370317220688,
                0,
                47.135948181152,
                7.8536071777344,
                -90.222412109375,
                1
              ]
            },
            {
              "time": 0.46666669845581,
              "weight": 1,
              "matrix": [
                -0.031477089971304,
                0.9945148229599,
                0.099746823310852,
                0,
                -0.88678562641144,
                0.018251769244671,
                -0.46182051301003,
                0,
                -0.46110790967941,
                -0.10299079865217,
                0.88134700059891,
                0,
                42.859760284424,
                9.5729484558105,
                -81.920768737793,
                1
              ]
            },
            {
              "time": 0.5,
              "weight": 1,
              "matrix": [
                -0.040016651153564,
                0.99314922094345,
                0.10978820174932,
                0,
                -0.88730019330978,
                0.015203350223601,
                -0.46094200015068,
                0,
                -0.45945331454277,
                -0.11586040258408,
                0.88061302900314,
                0,
                37.527839660645,
                9.4634046554565,
                -71.927886962891,
                1
              ]
            },
            {
              "time": 0.53333342075348,
              "weight": 1,
              "matrix": [
                -0.037879701703787,
                0.99357497692108,
                0.10664830356836,
                0,
                -0.88876587152481,
                0.015288289636374,
                -0.45810639858246,
                0,
                -0.45679360628128,
                -0.11213830113411,
                0.8824765086174,
                0,
                40.387668609619,
                9.9147729873657,
                -78.024658203125,
                1
              ]
            },
            {
              "time": 0.56666672229767,
              "weight": 1,
              "matrix": [
                -0.028106210753322,
                0.99519091844559,
                0.093837082386017,
                0,
                -0.89100229740143,
                0.017611859366298,
                -0.45365729928017,
                0,
                -0.4531281888485,
                -0.096359610557556,
                0.88622230291367,
                0,
                40.902961730957,
                8.6981897354126,
                -79.997482299805,
                1
              ]
            },
            {
              "time": 0.60000002384186,
              "weight": 1,
              "matrix": [
                -0.014038139954209,
                0.99705481529236,
                0.075397372245789,
                0,
                -0.89361381530762,
                0.0213209297508,
                -0.44832989573479,
                0,
                -0.44861701130867,
                -0.073669910430908,
                0.89068257808685,
                0,
                39.411479949951,
                6.4719820022583,
                -78.247428894043,
                1
              ]
            },
            {
              "time": 0.63333332538605,
              "weight": 1,
              "matrix": [
                0.0010142920073122,
                0.99846142530441,
                0.055440541356802,
                0,
                -0.8962385058403,
                0.025499520823359,
                -0.44283869862556,
                0,
                -0.44357109069824,
                -0.049238801002502,
                0.8948854804039,
                0,
                38.314769744873,
                4.2531509399414,
                -77.298400878906,
                1
              ]
            },
            {
              "time": 0.66666668653488,
              "weight": 1,
              "matrix": [
                0.013801090419292,
                0.99917602539062,
                0.038171108812094,
                0,
                -0.89858037233353,
                0.029138319194317,
                -0.4378407895565,
                0,
                -0.43859231472015,
                -0.028257129713893,
                0.89824187755585,
                0,
                39.257808685303,
                2.5292580127716,
                -80.400436401367,
                1
              ]
            }
          ],
          "targetName": "node-Bip001_Footsteps",
          "target": null
        },
        {
          "interpolation": 0,
          "keyframes": [
            {
              "time": 0,
              "weight": 1,
              "matrix": [
                0,
                -1.3783600252282e-6,
                1,
                0,
                1,
                1.3858100373909e-6,
                0,
                0,
                -1.387669954056e-6,
                1,
                1.3783600252282e-6,
                0,
                0,
                0,
                0,
                1
              ]
            },
            {
              "time": 0.033333338797092,
              "weight": 1,
              "matrix": [
                0.0021943440660834,
                0.038087960332632,
                0.999272108078,
                0,
                0.99910271167755,
                0.042186200618744,
                -0.0038018219638616,
                0,
                -0.042300280183554,
                0.99838352203369,
                -0.03796124085784,
                0,
                0,
                0,
                0,
                1
              ]
            },
