{"asset":{"unit":{"name":"meter","meter":1},"upAxis":"Y_UP","title":null,"subject":null,"created":"Tue Apr 30 2013 17:08:44 GMT+0300 (Московское время (зима))","modified":"Tue Apr 30 2013 17:08:44 GMT+0300 (Московское время (зима))","contributor":{"author":null,"authoringTool":"Akra Engine exporter;Version 0.0.1;Browser Chrome, 28.0.1485.0 (Windows)","comments":null,"copyright":null,"sourceData":null},"keywords":null},"library":[{"type":2,"animations":[855,856,857,858,859,1173],"options":0,"name":"movement","guid":854},{"name":"walk","targets":[{"name":"node-Bip001","target":null},{"name":"node-Bip001_Footsteps","target":null},{"name":"node-Bip001_Pelvis","target":null},{"name":"node-Bip001_Spine","target":null},{"name":"node-Bip001_Spine1","target":null},{"name":"node-Bip001_Spine2","target":null},{"name":"node-Bip001_Neck","target":null},{"name":"node-Bip001_Head","target":null},{"name":"node-Bip001_L_Clavicle","target":null},{"name":"node-Bip001_L_UpperArm","target":null},{"name":"node-Bip001_L_Forearm","target":null},{"name":"node-Bip001_L_Hand","target":null},{"name":"node-Bip001_L_ForeTwist","target":null},{"name":"node-Bip001_L_ForeTwist1","target":null},{"name":"node-Bip001_LUpArmTwist","target":null},{"name":"node-Bip001_R_Clavicle","target":null},{"name":"node-Bip001_R_UpperArm","target":null},{"name":"node-Bip001_R_Forearm","target":null},{"name":"node-Bip001_R_Hand","target":null},{"name":"node-Bip001_R_ForeTwist","target":null},{"name":"node-Bip001_R_ForeTwist1","target":null},{"name":"node-Bip001_RUpArmTwist","target":null},{"name":"node-Bone_backpack","target":null},{"name":"node-Bone009","target":null},{"name":"node-Bone010","target":null},{"name":"node-Bone011","target":null},{"name":"node-Bone012","target":null},{"name":"node-Bone013","target":null},{"name":"node-Bip001_L_Thigh","target":null},{"name":"node-Bip001_L_Calf","target":null},{"name":"node-Bip001_L_Foot","target":null},{"name":"node-Bip001_L_Toe0","target":null},{"name":"node-Bip001_LCalfTwist","target":null},{"name":"node-Bip001_LCalfTwist1","target":null},{"name":"node-Bip001_R_Thigh","target":null},{"name":"node-Bip001_R_Calf","target":null},{"name":"node-Bip001_R_Foot","target":null},{"name":"node-Bip001_R_Toe0","target":null},{"name":"node-Bip001_RCalfTwist","target":null},{"name":"node-Bip001_RCalfTwist1","target":null},{"name":"node-Bip001_LThighTwist","target":null},{"name":"node-Bip001_RThighTwist","target":null}],"type":3,"extra":{"graph":{"x":33,"y":1}},"tracks":[{"interpolation":0,"keyframes":[{"time":0,"weight":1,"matrix":[0.0000013709100130654406,-0.9725741744041443,-0.2325924038887024,0,1,0.0000014305099966804846,0,0,2.0861600091848231e-7,-0.2325924038887024,0.9725742936134338,0,0.0062354798428714275,0,99.30062103271484,1]},{"time":0.03333333879709244,"weight":1,"matrix":[0.000001311300025008677,-0.9739770293235779,-0.2266470044851303,0,1,0.000001311300025008677,1.2665999804539751e-7,0,1.8626499809215602e-7,-0.2266470044851303,0.9739770293235779,0,0.1681147962808609,-5.733310217692633e-7,100.03929901123047,1]},{"time":0.06666667014360428,"weight":1,"matrix":[0.000001251700041393633,-0.9754183292388916,-0.22036179900169373,0,1,0.000001251700041393633,0,0,1.8626499809215602e-7,-0.22036179900169373,0.975418210029602,0,0.35465869307518005,-0.0000011850700047943974,100.87899780273438,1]},{"time":0.10000000149011612,"weight":1,"matrix":[0.0000013709100130654406,-0.9768604040145874,-0.21387790143489838,0,1,0.0000013709100130654406,1.1920899822825959e-7,0,1.7136299845788017e-7,-0.21387790143489838,0.9768604040145874,0,0.5552964210510254,-0.0000018187499790656148,101.77639770507812,1]},{"time":0.13333329558372498,"weight":1,"matrix":[0.000001311300025008677,-0.9782695770263672,-0.20733709633350372,0,1,0.000001311300025008677,0,0,1.7136299845788017e-7,-0.20733709633350372,0.9782695770263672,0,0.7594575881958008,-0.000002457919890730409,102.68830108642578,1]},{"time":0.16666670143604279,"weight":1,"matrix":[0.000001311300025008677,-0.9796155095100403,-0.20088210701942444,0,1,0.000001311300025008677,1.1920899822825959e-7,0,1.5646199358343438e-7,-0.20088210701942444,0.9796155095100403,0,0.9565718173980713,-0.0000030861099276080495,103.57129669189453,1]},{"time":0.20000000298023224,"weight":1,"matrix":[0.0000014305099966804846,-0.9808716177940369,-0.19465629756450653,0,1,0.0000014305099966804846,1.1920899822825959e-7,0,1.5646199358343438e-7,-0.19465629756450653,0.9808714985847473,0,1.1360690593719482,-0.0000036868700590275694,104.3822021484375,1]},{"time":0.2333333045244217,"weight":1,"matrix":[0.0000013709100130654406,-0.9820148944854736,-0.18880370259284973,0,1,0.0000013709100130654406,0,0,1.4901199563155387e-7,-0.18880370259284973,0.9820147752761841,0,1.2873769998550415,-0.000004243750026944326,105.07749938964844,1]},{"time":0.2666667103767395,"weight":1,"matrix":[0.000001311300025008677,-0.9830256104469299,-0.18346889317035675,0,1,0.000001311300025008677,0,0,1.4901199563155387e-7,-0.18346889317035675,0.9830254912376404,0,1.3999279737472534,-0.00000474027001473587,105.61409759521484,1]},{"time":0.30000001192092896,"weight":1,"matrix":[0.000001251700041393633,-0.9838860034942627,-0.17879709601402283,0,1,0.000001251700041393633,0,0,1.2665999804539751e-7,-0.17879709601402283,0.9838860034942627,0,1.4631489515304565,-0.000005159979991731234,105.94860076904297,1]},{"time":0.3333333134651184,"weight":1,"matrix":[0.000001251700041393633,-0.9845802783966064,-0.17493310570716858,0,1,0.000001251700041393633,0,0,1.2665999804539751e-7,-0.17493310570716858,0.9845802783966064,0,1.4664720296859741,-0.000005486419922817731,106.03759765625,1]},{"time":0.366666704416275,"weight":1,"matrix":[0.0000014305099966804846,-0.9851465225219727,-0.1717156022787094,0,1,0.0000014305099966804846,0,0,1.1920899822825959e-7,-0.1717156022787094,0.9851465225219727,0,1.4003959894180298,-0.000005733309990318958,105.66639709472656,1]},{"time":0.4000000059604645,"weight":1,"matrix":[0.000001311300025008677,-0.985602080821991,-0.16908180713653564,0,1,0.000001311300025008677,0,0,1.1920899822825959e-7,-0.16908180713653564,0.9856020212173462,0,1.2706079483032227,-0.0000059253297877148725,104.76589965820312,1]},{"time":0.43333330750465393,"weight":1,"matrix":[0.0000013709100130654406,-0.9859017729759216,-0.1673251986503601,0,1,0.0000013709100130654406,1.3410999599727802e-7,0,1.1920899822825959e-7,-0.1673251986503601,0.9859017729759216,0,1.089311957359314,-0.000006062489774194546,103.51229858398438,1]},{"time":0.46666669845581055,"weight":1,"matrix":[0.000001311300025008677,-0.9860010743141174,-0.16673949360847473,0,1,0.000001311300025008677,0,0,0,-0.16673949360847473,0.9860010147094727,0,0.868712306022644,-0.000006144789949757978,102.081298828125,1]},{"time":0.5,"weight":1,"matrix":[0.000001311300025008677,-0.9858521223068237,-0.1676180064678192,0,1,0.000001311300025008677,0,0,0,-0.1676180064678192,0.9858520030975342,0,0.6210144758224487,-0.000006172219855216099,100.6489028930664,1]},{"time":0.533333420753479,"weight":1,"matrix":[0.000001311300025008677,-0.9854004979133606,-0.17025260627269745,0,1,0.000001311300025008677,0,0,1.1920899822825959e-7,-0.17025260627269745,0.985400378704071,0,0.3584229052066803,-0.000006144789949757978,99.3909912109375,1]},{"time":0.5666667222976685,"weight":1,"matrix":[0.000001251700041393633,-0.9845802783966064,-0.17493319511413574,0,1,0.000001251700041393633,0,0,1.2665999804539751e-7,-0.17493319511413574,0.9845802783966064,0,0.09314250200986862,-0.000006062489774194546,98.48345184326172,1]},{"time":0.6000000238418579,"weight":1,"matrix":[0.000001251700041393633,-0.9812934994697571,-0.19251790642738342,0,1,0.000001251700041393633,0,0,1.5646199358343438e-7,-0.19251790642738342,0.9812933802604675,0,-0.16262170672416687,-0.0000059253297877148725,98.25032806396484,1]},{"time":0.6333333253860474,"weight":1,"matrix":[0.0000014305099966804846,-0.9757269024848938,-0.21899059414863586,0,1,0.0000014305099966804846,0,0,1.9371499604403652e-7,-0.21899059414863586,0.9757270216941833,0,-0.39666590094566345,-0.000005733309990318958,98.64794921875,1]},{"time":0.6666666865348816,"weight":1,"matrix":[0.0000013709100130654406,-0.9725741744041443,-0.2325924038887024,0,1,0.0000014305099966804846,0,0,2.0861600091848231e-7,-0.2325924038887024,0.9725742936134338,0,-0.5967847108840942,-0.000005486419922817731,99.30062103271484,1]},{"time":0.699999988079071,"weight":1,"matrix":[0.0000013709100130654406,-0.9728845953941345,-0.23129139840602875,0,1,0.0000013709100130654406,1.1920899822825959e-7,0,2.011660029666018e-7,-0.23129139840602875,0.972884476184845,0,-0.7870773077011108,-0.000005135289939062204,100.04740142822266,1]},{"time":0.7333332896232605,"weight":1,"matrix":[0.0000011324899560349877,-0.9737290740013123,-0.2277098000049591,0,1,0.0000011324899560349877,0,0,1.8626499809215602e-7,-0.2277098000049591,0.9737290143966675,0,-0.9935895800590515,-0.000004652480129152536,100.94200134277344,1]},{"time":0.7666667103767395,"weight":1,"matrix":[0.000001311300025008677,-0.9749718904495239,-0.22232839465141296,0,1,0.0000013709100130654406,0,0,2.011660029666018e-7,-0.22232839465141296,0.9749717712402344,0,-1.207034945487976,-0.000004070920113008469,101.93099975585938,1]},{"time":0.800000011920929,"weight":1,"matrix":[0.0000014305099966804846,-0.976475715637207,-0.21562740206718445,0,1,0.0000014305099966804846,0,0,1.9371499604403652e-7,-0.21562740206718445,0.976475715637207,0,-1.4181289672851562,-0.000003423529960855376,102.96070098876953,1]},{"time":0.8333333134651184,"weight":1,"matrix":[0.000001311300025008677,-0.9781097173690796,-0.20808950066566467,0,1,0.0000013709100130654406,0,0,1.7136299845788017e-7,-0.20808950066566467,0.9781097769737244,0,-1.617583990097046,-0.0000027432099614088656,103.97779846191406,1]},{"time":0.8666666746139526,"weight":1,"matrix":[0.0000013709100130654406,-0.9797551035881042,-0.20019979774951935,0,1,0.0000013709100130654406,0,0,1.7136299845788017e-7,-0.20019979774951935,0.9797551035881042,0,-1.7961150407791138,-0.0000020628899619623553,104.92849731445312,1]},{"time":0.8999999761581421,"weight":1,"matrix":[0.000001251700041393633,-0.9813075065612793,-0.19244669377803802,0,1,0.000001251700041393633,0,0,1.4901199563155387e-7,-0.19244669377803802,0.9813075065612793,0,-1.944437026977539,-0.0000014155000371829374,105.7593994140625,1]},{"time":0.9333332777023315,"weight":1,"matrix":[0.000001311300025008677,-0.9826778769493103,-0.1853215992450714,0,1,0.000001311300025008677,0,0,1.415610029198433e-7,-0.1853215992450714,0.9826778769493103,0,-2.053262948989868,-8.339359851561312e-7,106.41699981689453,1]},{"time":0.966666579246521,"weight":1,"matrix":[0.0000014305099966804846,-0.9837909936904907,-0.17931869626045227,0,1,0.0000014305099966804846,1.1920899822825959e-7,0,1.3410999599727802e-7,-0.17931869626045227,0.9837911128997803,0,-2.1133079528808594,-3.511300121772365e-7,106.84760284423828,1]},{"time":1,"weight":1,"matrix":[0.000001251700041393633,-0.9845802783966064,-0.17493319511413574,0,1,0.000001251700041393633,0,0,1.2665999804539751e-7,-0.17493319511413574,0.9845802783966064,0,-2.1152849197387695,0,106.9977035522461,1]},{"time":1.0333329439163208,"weight":1,"matrix":[0.000001251700041393633,-0.9851465225219727,-0.17171570658683777,0,1,0.000001251700041393633,0,0,1.1920899822825959e-7,-0.17171570658683777,0.9851465225219727,0,-2.050554037094116,2.2220000062134204e-7,106.65229797363281,1]},{"time":1.0666669607162476,"weight":1,"matrix":[0.0000013709100130654406,-0.985602080821991,-0.16908180713653564,0,1,0.0000013709100130654406,0,0,1.2665999804539751e-7,-0.16908180713653564,0.9856020212173462,0,-1.923941969871521,3.5113100693706656e-7,105.7510986328125,1]},{"time":1.100000023841858,"weight":1,"matrix":[0.0000011920900533368695,-0.9859017729759216,-0.1673251986503601,0,1,0.0000011920900533368695,0,0,0,-0.1673251986503601,0.9859017729759216,0,-1.7463710308074951,4.0325198824575637e-7,104.472900390625,1]},{"time":1.1333329677581787,"weight":1,"matrix":[0.000001311300025008677,-0.9860010743141174,-0.16673949360847473,0,1,0.000001311300025008677,0,0,0,-0.16673949360847473,0.9860010147094727,0,-1.5287580490112305,3.9502199911112257e-7,102.99649810791016,1]},{"time":1.1666669845581055,"weight":1,"matrix":[0.000001311300025008677,-0.9858521223068237,-0.1676180064678192,0,1,0.000001311300025008677,0,0,0,-0.1676180064678192,0.9858520030975342,0,-1.2820260524749756,3.4290098938072333e-7,101.50070190429688,1]},{"time":1.2000000476837158,"weight":1,"matrix":[0.000001311300025008677,-0.9854004979133606,-0.17025260627269745,0,1,0.000001311300025008677,0,0,1.2665999804539751e-7,-0.17025260627269745,0.985400378704071,0,-1.0170940160751343,2.6334799940741505e-7,100.16410064697266,1]},{"time":1.2333329916000366,"weight":1,"matrix":[0.000001251700041393633,-0.9845802783966064,-0.17493319511413574,0,1,0.000001251700041393633,0,0,1.2665999804539751e-7,-0.17493319511413574,0.9845802783966064,0,-0.744881272315979,1.7282199848978053e-7,99.165771484375,1]},{"time":1.2666670083999634,"weight":1,"matrix":[0.000001311300025008677,-0.9821240901947021,-0.18823440372943878,0,1,0.000001311300025008677,0,0,1.4901199563155387e-7,-0.18823440372943878,0.9821242094039917,0,-0.4763090908527374,0,98.84864807128906,1]},{"time":1.2999999523162842,"weight":1,"matrix":[0.000001311300025008677,-0.9776008725166321,-0.2104676067829132,0,1,0.000001311300025008677,0,0,1.7881400538044545e-7,-0.2104676067829132,0.9776008129119873,0,-0.22229640185832977,0,99.07463073730469,1]},{"time":1.3333330154418945,"weight":1,"matrix":[0.0000013709100130654406,-0.9725741744041443,-0.2325924038887024,0,1,0.0000014305099966804846,0,0,2.0861600091848231e-7,-0.2325924038887024,0.9725742936134338,0,0.0062354798428714275,0,99.30062103271484,1]}],"targetName":"node-Bip001","target":null},{"interpolation":0,"keyframes":[{"time":0,"weight":1,"matrix":[0.0000014155400549498154,1,2.3127900306008087e-7,0,-0.9725744128227234,0.000001381829974889115,-0.23259249329566956,0,-0.23259249329566956,0,0.9725744128227234,0,23.094209671020508,-0.000011514400284795556,-96.56733703613281,1]},{"time":0.03333333879709244,"weight":1,"matrix":[0.0000013058900094620185,1,1.7383899830747396e-7,0,-0.9739770889282227,0.0000013193899803809472,-0.2266470044851303,0,-0.2266470044851303,0,0.9739770889282227,0,22.671279907226562,-0.000011578200428630225,-97.4260025024414,1]},{"time":0.06666667014360428,"weight":1,"matrix":[0.0000012439099918992724,1,1.740820039231039e-7,0,-0.9754180908203125,0.000001261970055566053,-0.22036169469356537,0,-0.22036169469356537,0,0.975418210029602,0,22.308189392089844,-0.000009536740435578395,-98.74585723876953,1]},{"time":0.10000000149011612,"weight":1,"matrix":[0.000001364679974358296,1,1.767560036114446e-7,0,-0.9768604040145874,0.0000013758400427832385,-0.21387790143489838,0,-0.21387790143489838,1.2580899522163236e-7,0.9768604040145874,0,21.94713020324707,-0.00001293419973080745,-100.2406997680664,1]},{"time":0.13333329558372498,"weight":1,"matrix":[0.000001305980049437494,0.9999998807907104,1.6255100376838527e-7,0,-0.9782695174217224,0.0000013183399687477504,-0.20733709633350372,0,-0.20733709633350372,0,0.9782695174217224,0,21.53870964050293,-0.000010847999874386005,-101.6250991821289,1]},{"time":0.16666670143604279,"weight":1,"matrix":[0.0000013085200407658704,1,1.466380012971058e-7,0,-0.9796155095100403,0.0000013159999525669264,-0.20088210701942444,0,-0.20088210701942444,0,0.9796155095100403,0,21.040409088134766,-0.000011503700079629198,-102.6050033569336,1]},{"time":0.20000000298023224,"weight":1,"matrix":[0.0000014263499679145752,1,1.615290017298321e-7,0,-0.9808714985847473,0.0000014336000049297581,-0.19465629756450653,0,-0.19465629756450653,1.2498900048285577e-7,0.9808716177940369,0,20.438600540161133,-0.000013113000022713095,-102.98999786376953,1]},{"time":0.2333333045244217,"weight":1,"matrix":[0.000001367350023429026,1,1.490840020323958e-7,0,-0.9820147752761841,0.0000013743799627263797,-0.18880370259284973,0,-0.18880370259284973,0,0.9820148944854736,0,19.783920288085938,-0.000011801699656643905,-102.9011001586914,1]},{"time":0.2666667103767395,"weight":1,"matrix":[0.000001308180003434245,0.9999998807907104,1.3804600484945695e-7,0,-0.9830253720283508,0.0000013163800076654297,-0.18346889317035675,0,-0.18346889317035675,0,0.9830254912376404,0,19.181360244750977,-0.000009775159924174659,-102.77359771728516,1]},{"time":0.30000001192092896,"weight":1,"matrix":[0.000001250180048373295,1,1.2117300229874672e-7,0,-0.9838860034942627,0.0000012541700016299728,-0.17879709601402283,0,-0.17879709601402283,0,0.9838860034942627,0,18.62605094909668,-0.000010371200005465653,-102.49549865722656,1]},{"time":0.3333333134651184,"weight":1,"matrix":[0.0000012506400253187167,1,0,0,-0.9845802783966064,0.0000012545500567284762,-0.17493310570716858,0,-0.17493310570716858,0,0.9845802783966064,0,18.136899948120117,-0.000009775159924174659,-102.0802993774414,1]},{"time":0.366666704416275,"weight":1,"matrix":[0.000001428449991180969,1,1.3554300437590427e-7,0,-0.9851465821266174,0.0000014297299912868766,-0.1717156022787094,0,-0.1717156022787094,1.2820299843951943e-7,0.9851465225219727,0,17.671030044555664,-0.000013232200217316858,-101.38009643554688,1]},{"time":0.4000000059604645,"weight":1,"matrix":[0.000001311320033892116,1,0,0,-0.9856019020080566,0.0000013125800251145847,-0.16908180713653564,0,-0.16908180713653564,0,0.9856020212173462,0,17.223079681396484,-0.00001060960039467318,-100.39579772949219,1]},{"time":0.43333330750465393,"weight":1,"matrix":[0.0000013740200301981531,1,0,0,-0.9859017729759216,0.0000013715299473915366,-0.1673251986503601,0,-0.1673251986503601,0,0.9859017729759216,0,16.866750717163086,-0.000011205699593119789,-99.38107299804688,1]},{"time":0.46666669845581055,"weight":1,"matrix":[0.0000013115800356899854,0.9999998807907104,0,0,-0.9860007762908936,0.0000013115800356899854,-0.16673949360847473,0,-0.16673949360847473,0,0.9860010147094727,0,16.62837028503418,-0.000010847999874386005,-98.33055114746094,1]},{"time":0.5,"weight":1,"matrix":[0.0000013114799912727904,1,0,0,-0.9858520030975342,0.0000013114799912727904,-0.1676180064678192,0,-0.1676180064678192,0,0.9858521223068237,0,16.5374698638916,-0.000010788399777084123,-97.26576232910156,1]},{"time":0.533333420753479,"weight":1,"matrix":[0.0000013099199804855743,1,1.204670070364955e-7,0,-0.985400378704071,0.0000013124499673722312,-0.17025260627269745,0,-0.17025260627269745,0,0.9854004979133606,0,16.62519073486328,-0.000010341400411562063,-96.22447967529297,1]},{"time":0.5666667222976685,"weight":1,"matrix":[0.0000012519500387497828,1,0,0,-0.9845802783966064,0.0000012545500567284762,-0.17493319511413574,0,-0.17493319511413574,0,0.9845802783966064,0,16.935590744018555,-0.000009126960321736988,-95.31890106201172,1]},{"time":0.6000000238418579,"weight":1,"matrix":[0.0000012497999932747916,1,1.3130599541000265e-7,0,-0.9812933802604675,0.000001258399947801081,-0.19251790642738342,0,-0.19251790642738342,0,0.9812934994697571,0,18.74711036682129,-0.00000852345965540735,-95.55690002441406,1]},{"time":0.6333333253860474,"weight":1,"matrix":[0.0000014202599913915037,1,2.0422299940037192e-7,0,-0.9757270216941833,0.0000014382100061993697,-0.21899059414863586,0,-0.21899059414863586,1.2425600459664565e-7,0.9757270216941833,0,21.633760452270508,-0.000012278599569981452,-96.39060974121094,1]},{"time":0.6666666865348816,"weight":1,"matrix":[0.0000014155400549498154,1,2.3127900306008087e-7,0,-0.9725744128227234,0.000001381829974889115,-0.23259249329566956,0,-0.23259249329566956,0,0.9725744128227234,0,23.169330596923828,-0.00001156330017693108,-96.88141632080078,1]},{"time":0.699999988079071,"weight":1,"matrix":[0.0000013613099554277142,0.9999998807907104,2.0110199727696454e-7,0,-0.9728844165802002,0.0000013802599596601794,-0.23129139840602875,0,-0.23129139840602875,1.2136800364714873e-7,0.972884476184845,0,23.221540451049805,-0.000012219000382174272,-97.67713165283203,1]},{"time":0.7333332896232605,"weight":1,"matrix":[0.0000011214000323889195,1,1.780749983026908e-7,0,-0.9737290143966675,0.0000011451500085968291,-0.2277098000049591,0,-0.2277098000049591,0,0.9737290740013123,0,23.058870315551758,-0.000007748600182821974,-98.6039810180664,1]},{"time":0.7666667103767395,"weight":1,"matrix":[0.0000013614400131700677,1,1.9582999755130004e-7,0,-0.9749717712402344,0.0000013232099718152313,-0.22232839465141296,0,-0.22232839465141296,0,0.9749718904495239,0,22.725210189819336,-0.000009775159924174659,-99.6563720703125,1]},{"time":0.800000011920929,"weight":1,"matrix":[0.00000141935004194238,1,2.0660300492636452e-7,0,-0.9764757752418518,0.0000014386299653779133,-0.21562740206718445,0,-0.21562740206718445,1.1929999743642838e-7,0.976475715637207,0,22.2639102935791,-0.000012278599569981452,-100.82279968261719,1]},{"time":0.8333333134651184,"weight":1,"matrix":[0.0000013641499663208378,1,1.7595900203559722e-7,0,-0.9781098961830139,0.000001318260046900832,-0.20808960497379303,0,-0.20808960497379303,0,0.9781097769737244,0,21.718000411987305,-0.000010967300113406964,-102.08380126953125,1]},{"time":0.8666666746139526,"weight":1,"matrix":[0.000001364040031148761,1,1.7225900705852837e-7,0,-0.9797552227973938,0.0000013774599665339338,-0.2001999020576477,0,-0.2001999020576477,0,0.9797552227973938,0,20.94049072265625,-0.000011205699593119789,-102.48030090332031,1]},{"time":0.8999999761581421,"weight":1,"matrix":[0.0000012498099977165111,1,1.312150033072612e-7,0,-0.9813075065612793,0.000001256979999197938,-0.19244669377803802,0,-0.19244669377803802,0,0.9813075065612793,0,20.142799377441406,-0.000009894370123220142,-102.71040344238281,1]},{"time":0.9333332777023315,"weight":1,"matrix":[0.0000013079200016363757,1,1.4051100549750117e-7,0,-0.9826778769493103,0.0000013148199968782137,-0.1853215992450714,0,-0.1853215992450714,0,0.9826778769493103,0,19.383289337158203,-0.000010728799679782242,-102.78089904785156,1]},{"time":0.966666579246521,"weight":1,"matrix":[0.0000014286999885371188,1,1.3924000086262822e-7,0,-0.9837911128997803,0.0000014313700376078486,-0.17931869626045227,0,-0.17931869626045227,1.2458100684398232e-7,0.9837909936904907,0,18.71693992614746,-0.000013113000022713095,-102.68620300292969,1]},{"time":1,"weight":1,"matrix":[0.0000012506400253187167,1,0,0,-0.9845802783966064,0.0000012545500567284762,-0.17493319511413574,0,-0.17493319511413574,0,0.9845802783966064,0,18.196399688720703,-0.000009775159924174659,-102.41519927978516,1]},{"time":1.0333329439163208,"weight":1,"matrix":[0.0000012497399666244746,1,1.1951699718792952e-7,0,-0.985146701335907,0.0000012535799669421976,-0.17171570658683777,0,-0.17171570658683777,0,0.985146701335907,0,17.744800567626953,-0.00001025199981086189,-101.80329895019531,1]},{"time":1.0666669607162476,"weight":1,"matrix":[0.000001370059976579796,0.9999998807907104,1.216459963870875e-7,0,-0.9856019020080566,0.0000013725799590247334,-0.16908180713653564,0,-0.16908180713653564,0,0.9856020212173462,0,17.277360916137695,-0.000010967300113406964,-100.71219635009766,1]},{"time":1.100000023841858,"weight":1,"matrix":[0.0000011939899877688731,1,0,0,-0.9859017729759216,0.0000011939899877688731,-0.1673251986503601,0,-0.1673251986503601,0,0.9859017729759216,0,16.898340225219727,-0.0000089407003542874,-99.5671615600586,1]},{"time":1.1333329677581787,"weight":1,"matrix":[0.0000013115800356899854,0.9999998807907104,0,0,-0.9860007762908936,0.0000013103400533509557,-0.16673949360847473,0,-0.16673949360847473,0,0.9860010147094727,0,16.633529663085938,-0.00001156330017693108,-98.36103820800781,1]},{"time":1.1666669845581055,"weight":1,"matrix":[0.0000013114799912727904,1,0,0,-0.9858520030975342,0.0000013102300044920412,-0.1676180064678192,0,-0.1676180064678192,0,0.9858521223068237,0,16.512649536132812,-0.00001156330017693108,-97.11981201171875,1]},{"time":1.2000000476837158,"weight":1,"matrix":[0.0000013099199804855743,1,1.204670070364955e-7,0,-0.985400378704071,0.0000013137199630364194,-0.17025260627269745,0,-0.17025260627269745,0,0.9854004979133606,0,16.567209243774414,-0.000009655949725129176,-95.88887786865234,1]},{"time":1.2333329916000366,"weight":1,"matrix":[0.0000012519500387497828,1,0,0,-0.9845802783966064,0.0000012545500567284762,-0.17493319511413574,0,-0.17493319511413574,0,0.9845802783966064,0,16.91448974609375,-0.000009119509741140064,-95.20020294189453,1]},{"time":1.2666670083999634,"weight":1,"matrix":[0.000001307500042457832,1,1.4438900564073265e-7,0,-0.9821242094039917,0.0000013159100262782886,-0.18823440372943878,0,-0.18823440372943878,0,0.9821240901947021,0,18.421110153198242,-0.00000983477002591826,-96.11322784423828,1]},{"time":1.2999999523162842,"weight":1,"matrix":[0.0000013023200153838843,1,1.8129900070107396e-7,0,-0.9776006937026978,0.0000013195600558901788,-0.2104676067829132,0,-0.2104676067829132,0,0.9776008129119873,0,20.84222984313965,-0.000010028499673353508,-96.81004333496094,1]},{"time":1.3333330154418945,"weight":1,"matrix":[0.0000014155400549498154,1,2.3127900306008087e-7,0,-0.9725744128227234,0.000001381829974889115,-0.23259249329566956,0,-0.23259249329566956,0,0.9725744128227234,0,23.108680725097656,-0.000011521899978106376,-96.62783813476562,1]}],"targetName":"node-Bip001_Footsteps","target":null},{"interpolation":0,"keyframes":[{"time":0,"weight":1,"matrix":[0.006826101802289486,0.07163453102111816,0.9974076747894287,0,0.9963113069534302,-0.08581042289733887,-0.0006556360167451203,0,0.08554095029830933,0.9937329292297363,-0.07195603102445602,0,0,0,0,1]},{"time":0.03333333879709244,"weight":1,"matrix":[0.006216405890882015,0.06415729969739914,0.997920572757721,0,0.9970417022705078,-0.07685351371765137,-0.0012699359795078635,0,0.07661222666501999,0.9949761033058167,-0.06444524973630905,0,0,0,0,1]},{"time":0.06666667014360428,"weight":1,"matrix":[0.005632876884192228,0.056063469499349594,0.9984112977981567,0,0.997740626335144,-0.06715797632932663,-0.001857995055615902,0,0.06694716215133667,0.9961659908294678,-0.05631506070494652,0,0,0,0,1]},{"time":0.10000000149011612,"weight":1,"matrix":[0.0050992961041629314,0.04745947942137718,0.9988601207733154,0,0.9983798265457153,-0.056851379573345184,-0.0023956289514899254,0,0.056672871112823486,0.9972540140151978,-0.04767245054244995,0,0,0,0,1]},{"time":0.13333329558372498,"weight":1,"matrix":[0.004636228084564209,0.038452740758657455,0.9992495775222778,0,0.9989345073699951,-0.046062350273132324,-0.002862215042114258,0,0.04591773822903633,0.9981982111930847,-0.03862534835934639,0,0,0,0,1]},{"time":0.16666670143604279,"weight":1,"matrix":[0.004260301124304533,0.029151609167456627,0.9995660185813904,0,0.999384880065918,-0.03492062911391258,-0.003241061931475997,0,0.03481096029281616,0.9989649057388306,-0.029282450675964355,0,0,0,0,1]},{"time":0.20000000298023224,"weight":1,"matrix":[0.003983557224273682,0.019664820283651352,0.9997987747192383,0,0.9997164011001587,-0.02355659008026123,-0.003519891994073987,0,0.02348262071609497,0.9995291233062744,-0.019753089174628258,0,0,0,0,1]},{"time":0.2333333045244217,"weight":1,"matrix":[0.0038135640788823366,0.010102029889822006,0.9999418258666992,0,0.9999200105667114,-0.012101409956812859,-0.003691256046295166,0,0.01206338033080101,0.9998757243156433,-0.010147389955818653,0,0,0,0,1]},{"time":0.2666667103767395,"weight":1,"matrix":[0.0037528269458562136,0.0005729019758291543,0.9999927282333374,0,0.9999927282333374,-0.0006865480099804699,-0.0037524099461734295,0,0.0006843929877504706,0.9999995827674866,-0.0005754739977419376,0,0,0,0,1]},{"time":0.30000001192092896,"weight":1,"matrix":[0.0037990210112184286,-0.008812785148620605,0.9999539852142334,0,0.9999374151229858,0.010556450113654137,-0.003705918090417981,0,-0.01052330993115902,0.999905526638031,0.00885236170142889,0,0,0,0,1]},{"time":0.3333333134651184,"weight":1,"matrix":[0.003944932948797941,-0.01794552057981491,0.9998311996459961,0,0.9997625946998596,0.02149640955030918,-0.00355887389741838,0,-0.021428940817713737,0.9996079206466675,0.018026050180196762,0,0,0,0,1]},{"time":0.366666704416275,"weight":1,"matrix":[0.004178999923169613,-0.026715930551290512,0.999634325504303,0,0.9994822144508362,0.032002441585063934,-0.0033230779226869345,0,-0.031901948153972626,0.9991306066513062,0.02683584950864315,0,0,0,0,1]},{"time":0.4000000059604645,"weight":1,"matrix":[0.0044851889833807945,-0.03501546010375023,0.9993767142295837,0,0.9991154074668884,0.04194432124495506,-0.003014445072039962,0,-0.041812650859355927,0.9985061883926392,0.03517264127731323,0,0,0,0,1]},{"time":0.43333330750465393,"weight":1,"matrix":[0.004844306968152523,-0.04273610934615135,0.9990746974945068,0,0.9986853003501892,0.0511927604675293,-0.0026526451110839844,0,-0.05103205889463425,0.9977740049362183,0.04292792081832886,0,0,0,0,1]},{"time":0.46666669845581055,"weight":1,"matrix":[0.005233882926404476,-0.049770649522542953,0.9987469911575317,0,0.9982185959815979,0.05961935967206955,-0.002260087989270687,0,-0.05943220108747482,0.9969797134399414,0.04999399185180664,0,0,0,0,1]},{"time":0.5,"weight":1,"matrix":[0.005629478953778744,-0.05601257085800171,0.9984142184257507,0,0.9977447986602783,0.0670965313911438,-0.0018614530563354492,0,-0.0668858215212822,0.9961730241775513,0.05626397952437401,0,0,0,0,1]},{"time":0.533333420753479,"weight":1,"matrix":[0.006005465053021908,-0.06135600060224533,0.9980978965759277,0,0.9972944259643555,0.07349734753370285,-0.0014825459802523255,0,-0.07326655834913254,0.9954063296318054,0.06163138151168823,0,0,0,0,1]},{"time":0.5666667222976685,"weight":1,"matrix":[0.0063363309018313885,-0.06569551676511765,0.9978196024894714,0,0.9968978762626648,0.07869558781385422,-0.0011491769691929221,0,-0.07844852656126022,0.994731605052948,0.0659903809428215,0,0,0,0,1]},{"time":0.6000000238418579,"weight":1,"matrix":[0.006597398780286312,-0.06892585009336472,0.9976000189781189,0,0.9965853095054626,0.08256518095731735,-0.0008861270034685731,0,-0.08230596035718918,0.9941992163658142,0.06923525780439377,0,0,0,0,1]},{"time":0.6333333253860474,"weight":1,"matrix":[0.006766736041754484,-0.07094167917966843,0.9974576234817505,0,0.9963824152946472,0.08497989177703857,-0.000715508998837322,0,-0.08471310138702393,0.9938539266586304,0.07126008719205856,0,0,0,0,1]},{"time":0.6666666865348816,"weight":1,"matrix":[0.006826341152191162,-0.07163727283477783,0.9974073767662048,0,0.9963110089302063,0.08581315726041794,-0.0006554719875566661,0,-0.085543692111969,0.9937325119972229,0.07195883244276047,0,0,0,0,1]},{"time":0.699999988079071,"weight":1,"matrix":[0.006766736041754484,-0.07094167917966843,0.9974575042724609,0,0.9963824152946472,0.08497989177703857,-0.000715508998837322,0,-0.08471310138702393,0.9938539266586304,0.07126008719205856,0,0,0,0,1]},{"time":0.7333332896232605,"weight":1,"matrix":[0.006597398780286312,-0.06892585009336472,0.9976000189781189,0,0.9965853095054626,0.08256518095731735,-0.0008861420210450888,0,-0.08230596035718918,0.994199275970459,0.06923519819974899,0,0,0,0,1]},{"time":0.7666667103767395,"weight":1,"matrix":[0.006336270831525326,-0.06569551676511765,0.997819721698761,0,0.9968981146812439,0.07869558781385422,-0.0011491769691929221,0,-0.07844852656126022,0.994731605052948,0.0659903809428215,0,0,0,0,1]},{"time":0.800000011920929,"weight":1,"matrix":[0.006005465053021908,-0.06135600060224533,0.9980980157852173,0,0.9972944259643555,0.07349734753370285,-0.0014825459802523255,0,-0.07326661795377731,0.9954062104225159,0.06163138151168823,0,0,0,0,1]},{"time":0.8333333134651184,"weight":1,"matrix":[0.005629478953778744,-0.05601257085800171,0.9984142184257507,0,0.9977449178695679,0.06709647178649902,-0.0018614530563354492,0,-0.0668858215212822,0.9961730241775513,0.05626397952437401,0,0,0,0,1]},{"time":0.8666666746139526,"weight":1,"matrix":[0.005233823787420988,-0.049770649522542953,0.9987472295761108,0,0.9982187747955322,0.05961935967206955,-0.002260087989270687,0,-0.05943220108747482,0.9969797134399414,0.049994051456451416,0,0,0,0,1]},{"time":0.8999999761581421,"weight":1,"matrix":[0.004844306968152523,-0.04273610934615135,0.9990745782852173,0,0.9986853003501892,0.0511927604675293,-0.0026526451110839844,0,-0.05103205889463425,0.9977740049362183,0.04292792081832886,0,0,0,0,1]},{"time":0.9333332777023315,"weight":1,"matrix":[0.0044851889833807945,-0.03501546010375023,0.9993767738342285,0,0.9991154074668884,0.04194432124495506,-0.003014445072039962,0,-0.041812650859355927,0.9985061883926392,0.03517264127731323,0,0,0,0,1]},{"time":0.966666579246521,"weight":1,"matrix":[0.004178940784186125,-0.026715930551290512,0.999634325504303,0,0.999482274055481,0.03200237825512886,-0.0033230779226869345,0,-0.031901948153972626,0.9991306066513062,0.02683584950864315,0,0,0,0,1]},{"time":1,"weight":1,"matrix":[0.003944932948797941,-0.01794552057981491,0.9998311996459961,0,0.9997625946998596,0.02149640955030918,-0.00355887389741838,0,-0.021428940817713737,0.9996079206466675,0.018026050180196762,0,0,0,0,1]},{"time":1.0333329439163208,"weight":1,"matrix":[0.0037990210112184286,-0.008812843821942806,0.9999539852142334,0,0.9999374747276306,0.010556509718298912,-0.003705918090417981,0,-0.010523369535803795,0.999905526638031,0.00885236170142889,0,0,0,0,1]},{"time":1.0666669607162476,"weight":1,"matrix":[0.0037528269458562136,0.0005729040130972862,0.9999927282333374,0,0.9999927282333374,-0.0006865509785711765,-0.0037524099461734295,0,0.0006843960145488381,0.9999995827674866,-0.0005754770245403051,0,0,0,0,1]},{"time":1.100000023841858,"weight":1,"matrix":[0.0038135640788823366,0.010102029889822006,0.9999417066574097,0,0.9999200105667114,-0.012101409956812859,-0.0036911959759891033,0,0.01206338033080101,0.9998757243156433,-0.010147389955818653,0,0,0,0,1]},{"time":1.1333329677581787,"weight":1,"matrix":[0.003983557224273682,0.019664879888296127,0.9997987151145935,0,0.9997162222862244,-0.02355659008026123,-0.003519891994073987,0,0.02348262071609497,0.9995291233062744,-0.019753089174628258,0,0,0,0,1]},{"time":1.1666669845581055,"weight":1,"matrix":[0.004260301124304533,0.029151609167456627,0.9995660185813904,0,0.999384880065918,-0.03492062911391258,-0.003241061931475997,0,0.03481096029281616,0.9989649057388306,-0.029282450675964355,0,0,0,0,1]},{"time":1.2000000476837158,"weight":1,"matrix":[0.004636228084564209,0.038452740758657455,0.9992496967315674,0,0.9989346265792847,-0.046062350273132324,-0.002862215042114258,0,0.04591773822903633,0.9981982111930847,-0.03862534835934639,0,0,0,0,1]},{"time":1.2333329916000366,"weight":1,"matrix":[0.0050992961041629314,0.04745947942137718,0.9988601207733154,0,0.9983798265457153,-0.056851379573345184,-0.0023956289514899254,0,0.05667293071746826,0.9972540140151978,-0.04767245054244995,0,0,0,0,1]},{"time":1.2666670083999634,"weight":1,"matrix":[0.005632876884192228,0.056063469499349594,0.9984112977981567,0,0.997740626335144,-0.06715797632932663,-0.001857995055615902,0,0.06694716215133667,0.9961659908294678,-0.05631506070494652,0,0,0,0,1]},{"time":1.2999999523162842,"weight":1,"matrix":[0.006216405890882015,0.06415729969739914,0.9979202747344971,0,0.9970415234565735,-0.07685357332229614,-0.0012699359795078635,0,0.07661222666501999,0.9949761033058167,-0.06444524973630905,0,0,0,0,1]},{"time":1.3333330154418945,"weight":1,"matrix":[0.006826101802289486,0.07163453102111816,0.9974076747894287,0,0.9963113069534302,-0.08581042289733887,-0.0006556360167451203,0,0.08554095029830933,0.9937329292297363,-0.07195603102445602,0,0,0,0,1]}],"targetName":"node-Bip001_Pelvis","target":null},{"interpolation":0,"keyframes":[{"time":0,"weight":1,"matrix":[0.9756031036376953,-0.18656130135059357,-0.11573070287704468,0,0.21005700528621674,0.9464977979660034,0.24498559534549713,0,0.06383407115936279,-0.263318806886673,0.9625946283340454,0,10.879460334777832,-0.020572660490870476,-0.7885676026344299,1]},{"time":0.03333333879709244,"weight":1,"matrix":[0.9758272171020508,-0.19321760535240173,-0.10211999714374542,0,0.2116311937570572,0.9520480036735535,0.22094599902629852,0,0.05453246086835861,-0.2372168004512787,0.9699249267578125,0,10.885049819946289,-0.027355190366506577,-0.7062783241271973,1]},{"time":0.06666667014360428,"weight":1,"matrix":[0.9759131073951721,-0.19983139634132385,-0.08752738684415817,0,0.2135545015335083,0.957054078578949,0.19606700539588928,0,0.044588081538677216,-0.21003620326519012,0.9766764044761658,0,10.890379905700684,-0.0338439904153347,-0.6172208786010742,1]},{"time":0.10000000149011612,"weight":1,"matrix":[0.9758620262145996,-0.20613500475883484,-0.07212412357330322,0,0.21570250391960144,0.961416482925415,0.17073650658130646,0,0.034146539866924286,-0.18217259645462036,0.9826735854148865,0,10.895259857177734,-0.03977011889219284,-0.5225638747215271,1]},{"time":0.13333329558372498,"weight":1,"matrix":[0.9756851196289062,-0.21187439560890198,-0.05610483139753342,0,0.2179293930530548,0.965081512928009,0.14534230530261993,0,0.02335136942565441,-0.15403519570827484,0.9877893924713135,0,10.899459838867188,-0.04491423815488815,-0.4234929084777832,1]},{"time":0.16666670143604279,"weight":1,"matrix":[0.9754065275192261,-0.21681100130081177,-0.03968656063079834,0,0.22006750106811523,0.9680423140525818,0.12026800215244293,0,0.012342809699475765,-0.126043900847435,0.9919478297233582,0,10.9028902053833,-0.04908943176269531,-0.3211992084980011,1]},{"time":0.20000000298023224,"weight":1,"matrix":[0.9749212265014648,-0.22136829793453217,-0.022902190685272217,0,0.22254739701747894,0.9702215194702148,0.09561853855848312,0,0.0010532729793339968,-0.09831737726926804,0.995154619216919,0,10.905389785766602,-0.05216217041015625,-0.2168779969215393,1]},{"time":0.2333333045244217,"weight":1,"matrix":[0.9741854071617126,-0.22567370533943176,-0.005853055976331234,0,0.22550919651985168,0.9716246724128723,0.07135313004255295,0,-0.010415489785373211,-0.07083112001419067,0.9974340200424194,0,10.906909942626953,-0.05405426025390625,-0.11172810196876526,1]},{"time":0.2666667103767395,"weight":1,"matrix":[0.9733445048332214,-0.2290796935558319,0.011090150102972984,0,0.22832010686397552,0.9724218249320984,0.04759984835982323,0,-0.02168845944106579,-0.04379891976714134,0.9988049268722534,0,10.90742015838623,-0.054729461669921875,-0.0069543118588626385,1]},{"time":0.30000001192092896,"weight":1,"matrix":[0.9725723266601562,-0.23096780478954315,0.027513619512319565,0,0.23033149540424347,0.9728050827980042,0.024445170536637306,0,-0.032411448657512665,-0.01743745058774948,0.9993224143981934,0,10.906970024108887,-0.0542297288775444,0.09623908251523972,1]},{"time":0.3333333134651184,"weight":1,"matrix":[0.9720643758773804,-0.2307489961385727,0.0429651103913784,0,0.23088079690933228,0.9729802012443542,0.0019358990248292685,0,-0.042250871658325195,0.008037923835217953,0.9990748167037964,0,10.905619621276855,-0.05262564867734909,0.19664999842643738,1]},{"time":0.366666704416275,"weight":1,"matrix":[0.9719972014427185,-0.22792230546474457,0.05720775946974754,0,0.22937729954719543,0.9731274843215942,-0.020219799131155014,0,-0.05106186121702194,0.032775748521089554,0.9981576204299927,0,10.903510093688965,-0.05006026849150658,0.29308611154556274,1]},{"time":0.4000000059604645,"weight":1,"matrix":[0.9722961783409119,-0.22297009825706482,0.07017391175031662,0,0.22620069980621338,0.9731763005256653,-0.04196542128920555,0,-0.05893455818295479,0.05667620152235031,0.9966517090797424,0,10.90073013305664,-0.04668806865811348,0.3843545913696289,1]},{"time":0.43333330750465393,"weight":1,"matrix":[0.9727914929389954,-0.2168034017086029,0.08168839663267136,0,0.22211700677871704,0.9730005264282227,-0.06272225826978683,0,-0.06588447093963623,0.07916002720594406,0.9946823716163635,0,10.897509574890137,-0.0427398607134819,0.46926549077033997,1]},{"time":0.46666669845581055,"weight":1,"matrix":[0.9733241200447083,-0.21033820509910583,0.09164071083068848,0,0.21787649393081665,0.9725363254547119,-0.08187252283096313,0,-0.07190299034118652,0.09965485334396362,0.9924206733703613,0,10.893980026245117,-0.03845024108886719,0.5466333031654358,1]},{"time":0.5,"weight":1,"matrix":[0.9737492203712463,-0.20449140667915344,0.0999792218208313,0,0.21421879529953003,0.9717791080474854,-0.09876996278762817,0,-0.07696007937192917,0.11759459972