<?xml version="1.0" encoding="utf-8"?>
<COLLADA xmlns="http://www.collada.org/2005/11/COLLADASchema" version="1.4.1">
  <asset>
    <contributor>
      <author>IvanPopov</author>
      <authoring_tool>OpenCOLLADA for 3ds Max;  Version: 1.4.1;  Revision: exported;  Platform: x64;  Configuration: Release_Max2013_static</authoring_tool>
      <source_data>file:///C:/Users/IVANPO~1/AppData/Local/Temp/Rar$DIa0.180/minner_idle_001_021.max</source_data>
    </contributor>
    <created>2013-10-11T17:25:28</created>
    <modified>2013-10-11T17:25:28</modified>
    <unit name="meter" meter="1"/>
    <up_axis>Z_UP</up_axis>
  </asset>
  
  <library_visual_scenes>
    <visual_scene id="MaxScene">
      <node name="EnvironmentAmbientLight">
        
      </node>
      <node id="node-Bip001" name="Bip001">
        <matrix sid="matrix">1.19209e-6 1 3.8743e-7 0 -0.9659258 1.2517e-6 -0.2588193 0.05747892 -0.2588193 -5.96046e-8 0.9659258 1.415928 0 0 0 1</matrix>
        <node id="node-Bip001_Pelvis" name="Bip001_Pelvis">
          <matrix sid="matrix">0 1 -1.3868e-6 0 -1.3868e-6 1.3868e-6 1 0 1 0 1.3868e-6 0 0 0 0 1</matrix>
          <node id="node-Bip001_Spine" name="Bip001_Spine">
            <matrix sid="matrix">0.9620506 -0.2512633 0.1064212 0.2787663 0.2586016 0.964011 -0.06171027 -6.12646e-4 -0.08708565 0.0868891 0.9924043 -5.48169e-5 0 0 0 1</matrix>
            <node id="node-Bip001_Neck" name="Bip001_Neck">
              <matrix sid="matrix">0.5176188 -0.8556115 -2.36928e-6 0.8685977 0.8556113 0.5176189 -1.33738e-6 0.04702312 2.36416e-6 -1.35601e-6 1 1.04308e-7 0 0 0 1</matrix>
              <node id="node-Bip001_L_Clavicle" name="Bip001_L_Clavicle">
                <matrix sid="matrix">-0.3547492 -0.8348151 0.4209951 -0.1128398 0.1853161 -0.5041294 -0.8435112 0.04512405 0.916412 -0.2212178 0.3335442 0.1933147 0 0 0 1</matrix>
                <node id="node-Bip001_L_UpperArm" name="Bip001_L_UpperArm">
                  <matrix sid="matrix">0.7118253 -0.1771153 0.6796579 0.4544814 0.518338 0.7854673 -0.3381818 1.19209e-7 -0.4739519 0.5930189 0.6509211 2.38419e-7 0 0 0 1</matrix>
                  <node id="node-Bip001_L_Forearm" name="Bip001_L_Forearm">
                    <matrix sid="matrix">0.6148161 0.7886705 1.49012e-8 0.5965298 -0.7886703 0.6148162 0 -1.19209e-7 0 0 0.9999999 -2.38419e-7 0 0 0 1</matrix>
                    <node id="node-Bip001_L_Hand" name="Bip001_L_Hand">
                      <matrix sid="matrix">0.8768094 0.1414057 -0.4595756 0.5669824 0.4426301 -0.6107408 0.6565626 -1.19209e-7 -0.18784 -0.7791022 -0.5980937 0 0 0 0 1</matrix>
                      <node id="node-Bip001_L_Finger0" name="Bip001_L_Finger0">
                        <matrix sid="matrix">0.2939332 0.1585432 0.9425856 0.08770603 0.8077934 0.4859584 -0.3336384 0.06247306 -0.5109533 0.8594817 0.01476905 -0.1255724 0 0 0 1</matrix>
                        <node id="node-Bip001_L_Finger01" name="Bip001_L_Finger01">
                          <matrix sid="matrix">0.8799053 -0.4733408 0.041412 0.07784271 0.4751489 0.8765571 -0.0766888 -5.96046e-8 2.98023e-8 0.08715568 0.9961946 0 0 0 0 1</matrix>
                          <node id="node-Bip001_L_Finger02" name="Bip001_L_Finger02">
                            <matrix sid="matrix">0.7840292 -0.6207238 -2.98023e-8 0.07784271 0.6207239 0.7840291 -1.49012e-8 0 -5.96046e-8 2.98023e-8 0.9999999 0 0 0 0 1</matrix>
                            <extra>
                              <technique profile="OpenCOLLADA">
                                <cast_shadows>1</cast_shadows>
                                <primary_visibility>1</primary_visibility>
                                <receive_shadows>1</receive_shadows>
                                <secondary_visibility>1</secondary_visibility>
                              </technique>
                            </extra>
                          </node>
                          <extra>
                            <technique profile="OpenCOLLADA">
                              <cast_shadows>1</cast_shadows>
                              <primary_visibility>1</primary_visibility>
                              <receive_shadows>1</receive_shadows>
                              <secondary_visibility>1</secondary_visibility>
                            </technique>
                          </extra>
                        </node>
                        <extra>
                          <technique profile="OpenCOLLADA">
                            <cast_shadows>1</cast_shadows>
                            <primary_visibility>1</primary_visibility>
                            <receive_shadows>1</receive_shadows>
                            <secondary_visibility>1</secondary_visibility>
                          </technique>
                        </extra>
                      </node>
                      <node id="node-Bip001_L_Finger1" name="Bip001_L_Finger1">
                        <matrix sid="matrix">0.7080162 -0.6595932 0.2522898 0.2669587 0.6977218 0.7085367 -0.1056411 0.01472116 -0.1090764 0.2508237 0.9618679 -0.08600578 0 0 0 1</matrix>
                        <node id="node-Bip001_L_Finger11" name="Bip001_L_Finger11">
                          <matrix sid="matrix">0.5080727 -0.8613142 0 0.1131709 0.8613142 0.5080727 -3.72529e-9 0 -3.72529e-8 2.98023e-8 1 2.98023e-8 0 0 0 1</matrix>
                          <node id="node-Bip001_L_Finger12" name="Bip001_L_Finger12">
                            <matrix sid="matrix">0.8520784 -0.5234141 7.45058e-9 0.07134187 0.5234141 0.8520783 -2.98023e-8 1.19209e-7 -4.47035e-8 -2.98023e-8 0.9999999 2.98023e-8 0 0 0 1</matrix>
                            <extra>
                              <technique profile="OpenCOLLADA">
                                <cast_shadows>1</cast_shadows>
                                <primary_visibility>1</primary_visibility>
                                <receive_shadows>1</receive_shadows>
                                <secondary_visibility>1</secondary_visibility>
                              </technique>
                            </extra>
                          </node>
                          <extra>
                            <technique profile="OpenCOLLADA">
                              <cast_shadows>1</cast_shadows>
                              <primary_visibility>1</primary_visibility>
                              <receive_shadows>1</receive_shadows>
                              <secondary_visibility>1</secondary_visibility>
                            </technique>
                          </extra>
                        </node>
                        <extra>
                          <technique profile="OpenCOLLADA">
                            <cast_shadows>1</cast_shadows>
                            <primary_visibility>1</primary_visibility>
                            <receive_shadows>1</receive_shadows>
                            <secondary_visibility>1</secondary_visibility>
                          </technique>
                        </extra>
                      </node>
                      <node id="node-Bip001_L_Finger2" name="Bip001_L_Finger2">
                        <matrix sid="matrix">0.6260874 -0.7709935 0.116549 0.2747863 0.7768894 0.6295787 -0.008575812 0.01137877 -0.06676477 0.09591487 0.993148 -0.01598474 0 0 0 1</matrix>
                        <node id="node-Bip001_L_Finger21" name="Bip001_L_Finger21">
                          <matrix sid="matrix">0.7269461 -0.6866945 0 0.1239197 0.6866946 0.7269462 -4.47035e-8 0 2.98023e-8 2.98023e-8 1 0 0 0 0 1</matrix>
                          <node id="node-Bip001_L_Finger22" name="Bip001_L_Finger22">
                            <matrix sid="matrix">0.5586714 -0.8293891 4.47035e-8 0.07462978 0.8293891 0.5586713 -2.98023e-8 5.96046e-8 -2.23517e-8 5.96046e-8 1 -5.96046e-8 0 0 0 1</matrix>
                            <extra>
                              <technique profile="OpenCOLLADA">
                                <cast_shadows>1</cast_shadows>
                                <primary_visibility>1</primary_visibility>
                                <receive_shadows>1</receive_shadows>
                                <secondary_visibility>1</secondary_visibility>
                              </technique>
                            </extra>
                          </node>
                          <extra>
                            <technique profile="OpenCOLLADA">
                              <cast_shadows>1</cast_shadows>
                              <primary_visibility>1</primary_visibility>
                              <receive_shadows>1</receive_shadows>
                              <secondary_visibility>1</secondary_visibility>
                            </technique>
                          </extra>
                        </node>
                        <extra>
                          <technique profile="OpenCOLLADA">
                            <cast_shadows>1</cast_shadows>
                            <primary_visibility>1</primary_visibility>
                            <receive_shadows>1</receive_shadows>
                            <secondary_visibility>1</secondary_visibility>
                          </technique>
                        </extra>
                      </node>
                      <node id="node-Bip001_L_Finger3" name="Bip001_L_Finger3">
                        <matrix sid="matrix">0.5854147 -0.8093423 0.04748811 0.2625219 0.8063139 0.5873314 0.06999829 0.01878071 -0.08454376 -0.002687588 0.9964162 0.05677435 0 0 0 1</matrix>
                        <node id="node-Bip001_L_Finger31" name="Bip001_L_Finger31">
                          <matrix sid="matrix">0.7848067 -0.6197407 2.98023e-8 0.1180727 0.6197407 0.7848068 -1.11759e-8 5.96046e-8 -5.96046e-8 0 0.9999999 1.19209e-7 0 0 0 1</matrix>
                          <node id="node-Bip001_L_Finger32" name="Bip001_L_Finger32">
                            <matrix sid="matrix">0.7042068 -0.709995 2.98023e-8 0.07566071 0.7099949 0.7042066 -1.49012e-8 1.19209e-7 5.58794e-8 -2.98023e-8 1 0 0 0 0 1</matrix>
                            <extra>
                              <technique profile="OpenCOLLADA">
                                <cast_shadows>1</cast_shadows>
                                <primary_visibility>1</primary_visibility>
                                <receive_shadows>1</receive_shadows>
                                <secondary_visibility>1</secondary_visibility>
                              </technique>
                            </extra>
                          </node>
                          <extra>
                            <technique profile="OpenCOLLADA">
                              <cast_shadows>1</cast_shadows>
                              <primary_visibility>1</primary_visibility>
                              <receive_shadows>1</receive_shadows>
                              <secondary_visibility>1</secondary_visibility>
                            </technique>
                          </extra>
                        </node>
                        <extra>
                          <technique profile="OpenCOLLADA">
                            <cast_shadows>1</cast_shadows>
                            <primary_visibility>1</primary_visibility>
                            <receive_shadows>1</receive_shadows>
                            <secondary_visibility>1</secondary_visibility>
                          </technique>
                        </extra>
                      </node>
                      <node id="node-Bip001_L_Finger4" name="Bip001_L_Finger4">
                        <matrix sid="matrix">0.8386482 -0.5251325 -0.1445864 0.2505701 0.5417519 0.8316817 0.121699 0.02877164 0.05634168 -0.1803926 0.9819798 0.1125897 0 0 0 1</matrix>
                        <node id="node-Bip001_L_Finger41" name="Bip001_L_Finger41">
                          <matrix sid="matrix">0.800026 -0.5999652 -2.98023e-8 0.08922815 0.5999652 0.8000261 0 0 2.98023e-8 -1.49012e-8 1 -5.96046e-8 0 0 0 1</matrix>
                          <node id="node-Bip001_L_Finger42" name="Bip001_L_Finger42">
                            <matrix sid="matrix">0.8066579 -0.5910187 2.98023e-8 0.05448139 0.5910188 0.8066579 2.98023e-8 0 -1.19209e-7 0 1 1.19209e-7 0 0 0 1</matrix>
                            <extra>
                              <technique profile="OpenCOLLADA">
                                <cast_shadows>1</cast_shadows>
                                <primary_visibility>1</primary_visibility>
                                <receive_shadows>1</receive_shadows>
                                <secondary_visibility>1</secondary_visibility>
                              </technique>
                            </extra>
                          </node>
                          <extra>
                            <technique profile="OpenCOLLADA">
                              <cast_shadows>1</cast_shadows>
                              <primary_visibility>1</primary_visibility>
                              <receive_shadows>1</receive_shadows>
                              <secondary_visibility>1</secondary_visibility>
                            </technique>
                          </extra>
                        </node>
                        <extra>
                          <technique profile="OpenCOLLADA">
                            <cast_shadows>1</cast_shadows>
                            <primary_visibility>1</primary_visibility>
                            <receive_shadows>1</receive_shadows>
                            <secondary_visibility>1</secondary_visibility>
                          </technique>
                        </extra>
                      </node>
                      <extra>
                        <technique profile="OpenCOLLADA">
                          <cast_shadows>1</cast_shadows>
                          <primary_visibility>1</primary_visibility>
                          <receive_shadows>1</receive_shadows>
                          <secondary_visibility>1</secondary_visibility>
                        </technique>
                      </extra>
                    </node>
                    <extra>
                      <technique profile="OpenCOLLADA">
                        <cast_shadows>1</cast_shadows>
                        <primary_visibility>1</primary_visibility>
                        <receive_shadows>1</receive_shadows>
                        <secondary_visibility>1</secondary_visibility>
                      </technique>
                    </extra>
                  </node>
                  <extra>
                    <technique profile="OpenCOLLADA">
                      <cast_shadows>1</cast_shadows>
                      <primary_visibility>1</primary_visibility>
                      <receive_shadows>1</receive_shadows>
                      <secondary_visibility>1</secondary_visibility>
                    </technique>
                  </extra>
                </node>
                <extra>
                  <technique profile="OpenCOLLADA">
                    <cast_shadows>1</cast_shadows>
                    <primary_visibility>1</primary_visibility>
                    <receive_shadows>1</receive_shadows>
                    <secondary_visibility>1</secondary_visibility>
                  </technique>
                </extra>
              </node>
              <node id="node-Bip001_R_Clavicle" name="Bip001_R_Clavicle">
                <matrix sid="matrix">0.03315212 -0.8553811 -0.5169374 -0.1128402 0.02002279 -0.5165493 0.8560231 0.04512477 -0.9992498 -0.03872952 2.41399e-6 -0.1933119 0 0 0 1</matrix>
                <node id="node-Bip001_R_UpperArm" name="Bip001_R_UpperArm">
                  <matrix sid="matrix">0.8603225 0.1705624 -0.4803678 0.4544815 -0.1852051 0.9825498 0.01717415 -5.96046e-8 0.4749145 0.07419133 0.8768989 2.38419e-7 0 0 0 1</matrix>
                  <node id="node-Bip001_R_Forearm" name="Bip001_R_Forearm">
                    <matrix sid="matrix">0.5608442 0.8279216 0 0.5965299 -0.8279215 0.5608441 0 -5.96046e-8 -2.98023e-8 1.49012e-8 1 0 0 0 0 1</matrix>
                    <node id="node-Bip001_R_Hand" name="Bip001_R_Hand">
                      <matrix sid="matrix">0.9152036 -0.1975738 0.3512361 0.5669822 0.2359488 -0.4438557 -0.8644767 -2.98023e-8 0.3266962 0.8740461 -0.3596011 0 0 0 0 1</matrix>
                      <node id="node-Bip001_R_Finger0" name="Bip001_R_Finger0">
                        <matrix sid="matrix">0.2939332 0.1585432 -0.9425854 0.08770597 0.8077933 0.4859583 0.3336383 0.0624733 0.5109534 -0.8594816 0.01476909 0.1255724 0 0 0 1</matrix>
                        <node id="node-Bip001_R_Finger01" name="Bip001_R_Finger01">
                          <matrix sid="matrix">0.8799057 -0.4733405 -0.04141185 0.07784283 0.4751487 0.8765572 0.07668883 0 -2.98023e-8 -0.0871558 0.9961948 0 0 0 0 1</matrix>
                          <node id="node-Bip001_R_Finger02" name="Bip001_R_Finger02">
                            <matrix sid="matrix">0.7721181 -0.6207238 0.1361453 0.07784271 0.6112937 0.7840294 0.1077876 5.96046e-8 -0.1736481 -1.49012e-8 0.9848077 1.19209e-7 0 0 0 1</matrix>
                            <extra>
                              <technique profile="OpenCOLLADA">
                                <cast_shadows>1</cast_shadows>
                                <primary_visibility>1</primary_visibility>
                                <receive_shadows>1</receive_shadows>
                                <secondary_visibility>1</secondary_visibility>
                              </technique>
                            </extra>
                          </node>
                          <extra>
                            <technique profile="OpenCOLLADA">
                              <cast_shadows>1</cast_shadows>
                              <primary_visibility>1</primary_visibility>
                              <receive_shadows>1</receive_shadows>
                              <secondary_visibility>1</secondary_visibility>
                            </technique>
                          </extra>
                        </node>
                        <extra>
                          <technique profile="OpenCOLLADA">
                            <cast_shadows>1</cast_shadows>
                            <primary_visibility>1</primary_visibility>
                            <receive_shadows>1</receive_shadows>
                            <secondary_visibility>1</secondary_visibility>
                          </technique>
                        </extra>
                      </node>
                      <node id="node-Bip001_R_Finger1" name="Bip001_R_Finger1">
                        <matrix sid="matrix">0.6478344 -0.7187909 -0.25229 0.2669586 0.7568197 0.6450299 0.1056409 0.01472116 0.08680086 -0.2593759 0.9618676 0.08600581 0 0 0 1</matrix>
                        <node id="node-Bip001_R_Finger11" name="Bip001_R_Finger11">
                          <matrix sid="matrix">0.431071 -0.9023181 0 0.1131706 0.9023181 0.4310708 2.98023e-8 -1.19209e-7 1.25729e-7 5.96046e-8 1 0 0 0 0 1</matrix>
                          <node id="node-Bip001_R_Finger12" name="Bip001_R_Finger12">
                            <matrix sid="matrix">0.8944546 -0.4471587 -8.3819e-9 0.07134187 0.4471588 0.8944546 2.98023e-8 0 -2.98023e-8 8.9407e-8 1 0 0 0 0 1</matrix>
                            <extra>
                              <technique profile="OpenCOLLADA">
                                <cast_shadows>1</cast_shadows>
                                <primary_visibility>1</primary_visibility>
                                <receive_shadows>1</receive_shadows>
                                <secondary_visibility>1</secondary_visibility>
                              </technique>
                            </extra>
                          </node>
                          <extra>
                            <technique profile="OpenCOLLADA">
                              <cast_shadows>1</cast_shadows>
                              <primary_visibility>1</primary_visibility>
                              <receive_shadows>1</receive_shadows>
                              <secondary_visibility>1</secondary_visibility>
                            </technique>
                          </extra>
                        </node>
                        <extra>
                          <technique profile="OpenCOLLADA">
                            <cast_shadows>1</cast_shadows>
                            <primary_visibility>1</primary_visibility>
                            <receive_shadows>1</receive_shadows>
                            <secondary_visibility>1</secondary_visibility>
                          </technique>
                        </extra>
                      </node>
                      <node id="node-Bip001_R_Finger2" name="Bip001_R_Finger2">
                        <matrix sid="matrix">0.6260872 -0.7709934 -0.116549 0.2747862 0.7768892 0.6295787 0.00857576 0.01137888 0.06676486 -0.09591486 0.9931479 0.01598471 0 0 0 1</matrix>
                        <node id="node-Bip001_R_Finger21" name="Bip001_R_Finger21">
                          <matrix sid="matrix">0.6643305 -0.747439 0 0.1239196 0.7474389 0.6643304 1.49012e-8 -5.96046e-8 -2.98023e-8 0 1 -5.96046e-8 0 0 0 1</matrix>
                          <node id="node-Bip001_R_Finger22" name="Bip001_R_Finger22">
                            <matrix sid="matrix">0.5586713 -0.8293891 2.23517e-8 0.07463002 0.8293892 0.5586713 0 0 -8.9407e-8 2.98023e-8 1 1.19209e-7 0 0 0 1</matrix>
                            <extra>
                              <technique profile="OpenCOLLADA">
                                <cast_shadows>1</cast_shadows>
                                <primary_visibility>1</primary_visibility>
                                <receive_shadows>1</receive_shadows>
                                <secondary_visibility>1</secondary_visibility>
                              </technique>
                            </extra>
                          </node>
                          <extra>
                            <technique profile="OpenCOLLADA">
                              <cast_shadows>1</cast_shadows>
                              <primary_visibility>1</primary_visibility>
                              <receive_shadows>1</receive_shadows>
                              <secondary_visibility>1</secondary_visibility>
                            </technique>
                          </extra>
                        </node>
                        <extra>
                          <technique profile="OpenCOLLADA">
                            <cast_shadows>1</cast_shadows>
                            <primary_visibility>1</primary_visibility>
                            <receive_shadows>1</receive_shadows>
                            <secondary_visibility>1</secondary_visibility>
                          </technique>
                        </extra>
                      </node>
                      <node id="node-Bip001_R_Finger3" name="Bip001_R_Finger3">
                        <matrix sid="matrix">0.5854146 -0.8093422 -0.04748812 0.2625217 0.8063139 0.5873312 -0.06999842 0.01878083 0.08454391 0.002687693 0.9964162 -0.05677435 0 0 0 1</matrix>
                        <node id="node-Bip001_R_Finger31" name="Bip001_R_Finger31">
                          <matrix sid="matrix">0.7848067 -0.6197407 -2.98023e-8 0.1180727 0.6197407 0.7848068 1.49012e-8 5.96046e-8 7.45058e-8 0 1 -5.96046e-8 0 0 0 1</matrix>
                          <node id="node-Bip001_R_Finger32" name="Bip001_R_Finger32">
                            <matrix sid="matrix">0.3381713 -0.9410846 -7.45058e-9 0.07566082 0.9410845 0.3381712 0 0 -1.49012e-8 -1.49012e-8 0.9999999 5.96046e-8 0 0 0 1</matrix>
                            <extra>
                              <technique profile="OpenCOLLADA">
                                <cast_shadows>1</cast_shadows>
                                <primary_visibility>1</primary_visibility>
                                <receive_shadows>1</receive_shadows>
                                <secondary_visibility>1</secondary_visibility>
                              </technique>
                            </extra>
                          </node>
                          <extra>
                            <technique profile="OpenCOLLADA">
                              <cast_shadows>1</cast_shadows>
                              <primary_visibility>1</primary_visibility>
                              <receive_shadows>1</receive_shadows>
                              <secondary_visibility>1</secondary_visibility>
                            </technique>
                          </extra>
                        </node>
                        <extra>
                          <technique profile="OpenCOLLADA">
                            <cast_shadows>1</cast_shadows>
                            <primary_visibility>1</primary_visibility>
                            <receive_shadows>1</receive_shadows>
                            <secondary_visibility>1</secondary_visibility>
                          </technique>
                        </extra>
                      </node>
                      <node id="node-Bip001_R_Finger4" name="Bip001_R_Finger4">
                        <matrix sid="matrix">0.8386478 -0.5251325 0.1445864 0.2505699 0.5417517 0.8316815 -0.121699 0.02877176 -0.05634169 0.1803925 0.9819796 -0.1125896 0 0 0 1</matrix>
                        <node id="node-Bip001_R_Finger41" name="Bip001_R_Finger41">
                          <matrix sid="matrix">0.7446916 -0.6674088 -1.49012e-8 0.08922803 0.6674088 0.7446915 2.98023e-8 0 2.98023e-8 1.49012e-8 1 0 0 0 0 1</matrix>
                          <node id="node-Bip001_R_Finger42" name="Bip001_R_Finger42">
                            <matrix sid="matrix">0.7520778 -0.6590744 7.45058e-9 0.05448139 0.6590744 0.7520778 0 5.96046e-8 -6.51926e-8 1.49012e-8 1 5.96046e-8 0 0 0 1</matrix>
                            <extra>
                              <technique profile="OpenCOLLADA">
                                <cast_shadows>1</cast_shadows>
                                <primary_visibility>1</primary_visibility>
                                <receive_shadows>1</receive_shadows>
                                <secondary_visibility>1</secondary_visibility>
                              </technique>
                            </extra>
                          </node>
                          <extra>
                            <technique profile="OpenCOLLADA">
                              <cast_shadows>1</cast_shadows>
                              <primary_visibility>1</primary_visibility>
                              <receive_shadows>1</receive_shadows>
                              <secondary_visibility>1</secondary_visibility>
                            </technique>
                          </extra>
                        </node>
                        <extra>
                          <technique profile="OpenCOLLADA">
                            <cast_shadows>1</cast_shadows>
                            <primary_visibility>1</primary_visibility>
                            <receive_shadows>1</receive_shadows>
                            <secondary_visibility>1</secondary_visibility>
                          </technique>
                        </extra>
                      </node>
                      <extra>
                        <technique profile="OpenCOLLADA">
                          <cast_shadows>1</cast_shadows>
                          <primary_visibility>1</primary_visibility>
                          <receive_shadows>1</receive_shadows>
                          <secondary_visibility>1</secondary_visibility>
                        </technique>
                      </extra>
                    </node>
                    <extra>
                      <technique profile="OpenCOLLADA">
                        <cast_shadows>1</cast_shadows>
                        <primary_visibility>1</primary_visibility>
                        <receive_shadows>1</receive_shadows>
                        <secondary_visibility>1</secondary_visibility>
                      </technique>
                    </extra>
                  </node>
                  <extra>
                    <technique profile="OpenCOLLADA">
                      <cast_shadows>1</cast_shadows>
                      <primary_visibility>1</primary_visibility>
                      <receive_shadows>1</receive_shadows>
                      <secondary_visibility>1</secondary_visibility>
                    </technique>
                  </extra>
                </node>
                <extra>
                  <technique profile="OpenCOLLADA">
                    <cast_shadows>1</cast_shadows>
                    <primary_visibility>1</primary_visibility>
                    <receive_shadows>1</receive_shadows>
                    <secondary_visibility>1</secondary_visibility>
                  </technique>
                </extra>
              </node>
              <node id="node-Bip001_Head" name="Bip001_Head">
                <matrix sid="matrix">0.772272 0.6340181 0.04021452 0.1646721 -0.634584 0.7728516 0.001727529 0 -0.02998459 -0.02685359 0.9991895 0 0 0 0 1</matrix>
                <extra>
                  <technique profile="OpenCOLLADA">
                    <cast_shadows>1</cast_shadows>
                    <primary_visibility>1</primary_visibility>
                    <receive_shadows>1</receive_shadows>
                    <secondary_visibility>1</secondary_visibility>
                  </technique>
                </extra>
              </node>
              <extra>
                <technique profile="OpenCOLLADA">
                  <cast_shadows>1</cast_shadows>
                  <primary_visibility>1</primary_visibility>
                  <receive_shadows>1</receive_shadows>
                  <secondary_visibility>1</secondary_visibility>
                </technique>
              </extra>
            </node>
            <node id="node-Bip001_L_Thigh" name="Bip001_L_Thigh">
              <matrix sid="matrix">-0.1877291 0.9659305 0.1781466 -0.2949232 0.9568752 0.1389151 0.2551329 0.09746814 0.2216933 0.2183599 -0.9503532 0.2767715 0 0 0 1</matrix>
              <node id="node-Bip001_L_Calf" name="Bip001_L_Calf">
                <matrix sid="matrix">0.080854 0.9967259 1.49012e-8 0.7540251 -0.9967259 0.080854 0 1.19209e-7 -1.49012e-8 -1.86265e-8 1 -2.98023e-8 0 0 0 1</matrix>
                <node id="node-Bip001_L_HorseLink" name="Bip001_L_HorseLink">
                  <matrix sid="matrix">0.1014526 -0.9948404 -2.23517e-8 0.6193799 0.9948404 0.1014526 -1.11759e-8 8.9407e-8 3.72529e-8 0 1 5.96046e-8 0 0 0 1</matrix>
                  <node id="node-Bip001_L_Foot" name="Bip001_L_Foot">
                    <matrix sid="matrix">0.6227558 0.7822058 -0.01814571 0.3157223 -0.7778043 0.6214327 0.09403086 1.19209e-7 0.08482778 -0.04444452 0.9954038 -2.98023e-8 0 0 0 1</matrix>
                    <node id="node-Bip001_L_Toe0" name="Bip001_L_Toe0">
                      <matrix>-8.69197e-7 -1 7.1146e-7 0.2393353 0.9483238 -1.05003e-6 -0.3173041 0.5745062 0.3173041 3.98895e-7 0.9483238 0 0 0 0 1</matrix>
                      <extra>
                        <technique profile="OpenCOLLADA">
                          <cast_shadows>1</cast_shadows>
                          <primary_visibility>1</primary_visibility>
                          <receive_shadows>1</receive_shadows>
                          <secondary_visibility>1</secondary_visibility>
                        </technique>
                      </extra>
                    </node>
                    <extra>
                      <technique profile="OpenCOLLADA">
                        <cast_shadows>1</cast_shadows>
                        <primary_visibility>1</primary_visibility>
                        <receive_shadows>1</receive_shadows>
                        <secondary_visibility>1</secondary_visibility>
                      </technique>
                    </extra>
                  </node>
                  <extra>
                    <technique profile="OpenCOLLADA">
                      <cast_shadows>1</cast_shadows>
                      <primary_visibility>1</primary_visibility>
                      <receive_shadows>1</receive_shadows>
                      <secondary_visibility>1</secondary_visibility>
                    </technique>
                  </extra>
                </node>
                <extra>
                  <technique profile="OpenCOLLADA">
                    <cast_shadows>1</cast_shadows>
                    <primary_visibility>1</primary_visibility>
                    <receive_shadows>1</receive_shadows>
                    <secondary_visibility>1</secondary_visibility>
                  </technique>
                </extra>
              </node>
              <extra>
                <technique profile="OpenCOLLADA">
                  <cast_shadows>1</cast_shadows>
                  <primary_visibility>1</primary_visibility>
                  <receive_shadows>1</receive_shadows>
                  <secondary_visibility>1</secondary_visibility>
                </technique>
              </extra>
            </node>
            <node id="node-Bip001_R_Thigh" name="Bip001_R_Thigh">
              <matrix sid="matrix">-0.756085 0.6413853 0.1302326 -0.2411443 0.4998412 0.6943511 -0.5177214 0.04381019 -0.422486 -0.3263457 -0.8455792 -0.3360716 0 0 0 1</matrix>
              <node id="node-Bip001_R_Calf" name="Bip001_R_Calf">
                <matrix sid="matrix">0.1582909 0.9873925 0 0.7540251 -0.9873925 0.1582909 -7.45058e-9 2.98023e-8 -7.45058e-8 0 1 0 0 0 0 1</matrix>
                <node id="node-Bip001_R_HorseLink" name="Bip001_R_HorseLink">
                  <matrix sid="matrix">-0.2126136 -0.9771362 -1.49012e-8 0.6193799 0.9771363 -0.2126137 1.49012e-8 2.98023e-8 -2.98023e-8 -5.96046e-8 0.9999999 1.19209e-7 0 0 0 1</matrix>
                  <node id="node-Bip001_R_Foot" name="Bip001_R_Foot">
                    <matrix sid="matrix">0.8200123 0.565253 0.08982814 0.3157223 -0.5064089 0.7896854 -0.346334 5.96046e-8 -0.2667022 0.2385083 0.9338006 0 0 0 0 1</matrix>
                    <node id="node-Bip001_R_Toe0" name="Bip001_R_Toe0">
                      <matrix>-7.88905e-7 -1 -4.06727e-7 0.2393353 0.8480482 -8.84562e-7 0.5299191 0.5745062 -0.5299191 7.31318e-8 0.8480482 0 0 0 0 1</matrix>
                      <extra>
                        <technique profile="OpenCOLLADA">
                          <cast_shadows>1</cast_shadows>
                          <primary_visibility>1</primary_visibility>
                          <receive_shadows>1</receive_shadows>
                          <secondary_visibility>1</secondary_visibility>
                        </technique>
                      </extra>
                    </node>
                    <extra>
                      <technique profile="OpenCOLLADA">
                        <cast_shadows>1</cast_shadows>
                        <primary_visibility>1</primary_visibility>
                        <receive_shadows>1</receive_shadows>
                        <secondary_visibility>1</secondary_visibility>
                      </technique>
                    </extra>
                  </node>
                  <extra>
                    <technique profile="OpenCOLLADA">
                      <cast_shadows>1</cast_shadows>
                      <primary_visibility>1</primary_visibility>
                      <receive_shadows>1</receive_shadows>
                      <secondary_visibility>1</secondary_visibility>
                    </technique>
                  </extra>
                </node>
                <extra>
                  <technique profile="OpenCOLLADA">
                    <cast_shadows>1</cast_shadows>
                    <primary_visibility>1</primary_visibility>
                    <receive_shadows>1</receive_shadows>
                    <secondary_visibility>1</secondary_visibility>
                  </technique>
                </extra>
              </node>
              <extra>
                <technique profile="OpenCOLLADA">
                  <cast_shadows>1</cast_shadows>
                  <primary_visibility>1</primary_visibility>
                  <receive_shadows>1</receive_shadows>
                  <secondary_visibility>1</secondary_visibility>
                </technique>
              </extra>
            </node>
            <extra>
              <technique profile="OpenCOLLADA">
                <cast_shadows>1</cast_shadows>
                <primary_visibility>1</primary_visibility>
                <receive_shadows>1</receive_shadows>
                <secondary_visibility>1</secondary_visibility>
              </technique>
            </extra>
          </node>
          <extra>
            <technique profile="OpenCOLLADA">
              <cast_shadows>1</cast_shadows>
              <primary_visibility>1</primary_visibility>
              <receive_shadows>1</receive_shadows>
              <secondary_visibility>1</secondary_visibility>
            </technique>
          </extra>
        </node>
        <extra>
          <technique profile="OpenCOLLADA">
            <cast_shadows>1</cast_shadows>
            <primary_visibility>1</primary_visibility>
            <receive_shadows>1</receive_shadows>
            <secondary_visibility>1</secondary_visibility>
          </technique>
        </extra>
      </node>
    </visual_scene>
  </library_visual_scenes>
  <library_animations>
    <animation>
      <source id="node-Bip001_matrix-input">
        <float_array id="node-Bip001_matrix-input-array" count="61">0 0.03333334 0.06666667 0.1 0.1333333 0.1666667 0.2 0.2333333 0.2666667 0.3 0.3333333 0.3666667 0.4 0.4333333 0.4666667 0.5 0.5333334 0.5666667 0.6 0.6333333 0.6666667 0.7 0.7333333 0.7666667 0.8 0.8333333 0.8666667 0.9 0.9333333 0.9666666 1 1.033333 1.066667 1.1 1.133333 1.166667 1.2 1.233333 1.266667 1.3 1.333333 1.366667 1.4 1.433333 1.466667 1.5 1.533333 1.566667 1.6 1.633333 1.666667 1.7 1.733333 1.766667 1.8 1.833333 1.866667 1.9 1.933333 1.966667 2</float_array>
        <technique_common>
          <accessor source="#node-Bip001_matrix-input-array" count="61" stride="1">
            <param name="TIME" type="float"/>
          </accessor>
        </technique_common>
      </source>
      <source id="node-Bip001_matrix-output">
