<?xml version="1.0" encoding="utf-8"?>
<COLLADA xmlns="http://www.collada.org/2005/11/COLLADASchema" version="1.4.1">
  <asset>
    <contributor>
      <author>IvanPopov</author>
      <authoring_tool>OpenCOLLADA for 3ds Max;  Version: 1.4.1;  Revision: exported;  Platform: x64;  Configuration: Release_Max2013_static</authoring_tool>
      <source_data>file:///C:/Users/IVANPO~1/AppData/Local/Temp/Rar$DIa0.918/minner_walk_010.max</source_data>
    </contributor>
    <created>2013-10-11T18:17:37</created>
    <modified>2013-10-11T18:17:37</modified>
    <unit name="meter" meter="1"/>
    <up_axis>Z_UP</up_axis>
  </asset>
  
  
  
  
  <library_visual_scenes>
    <visual_scene id="MaxScene">
      <node name="EnvironmentAmbientLight">
        
      </node>
      <node id="node-Bip001" name="Bip001">
        <matrix sid="matrix">1.19209e-6 1 3.8743e-7 -0.05 -0.9659258 1.2517e-6 -0.2588193 0.05747892 -0.2588193 -5.96046e-8 0.9659258 1.445 0 0 0 1</matrix>
        <node id="node-Bip001_Pelvis" name="Bip001_Pelvis">
          <matrix sid="matrix">-2.38419e-7 0.984808 0.1736468 0 -1.36573e-6 -0.1736468 0.9848079 0 1 1.49012e-8 1.38581e-6 0 0 0 0 1</matrix>
          <node id="node-Bip001_Spine" name="Bip001_Spine">
            <matrix sid="matrix">0.9620588 -0.2410349 0.1278485 0.27876 0.2697762 0.9104052 -0.3136613 -5.78642e-4 -0.04079062 0.3362511 0.9408888 -2.13303e-4 0 0 0 1</matrix>
            <node id="node-Bip001_Neck" name="Bip001_Neck">
              <matrix sid="matrix">0.5176188 -0.8556113 -2.36928e-6 0.8685977 0.8556114 0.5176188 -1.3262e-6 0.04702306 2.37487e-6 -1.3262e-6 1 1.3411e-7 0 0 0 1</matrix>
              <node id="node-Bip001_L_Clavicle" name="Bip001_L_Clavicle">
                <matrix sid="matrix">-0.3547492 -0.834815 0.420995 -0.1128398 0.1853161 -0.5041294 -0.8435115 0.04512405 0.9164119 -0.2212178 0.3335442 0.1933147 0 0 0 1</matrix>
                <node id="node-Bip001_L_UpperArm" name="Bip001_L_UpperArm">
                  <matrix sid="matrix">0.6930478 -0.1129159 0.7119936 0.4544815 0.5063036 0.7793068 -0.3692399 5.96046e-8 -0.5131682 0.6163858 0.5972664 0 0 0 0 1</matrix>
                  <node id="node-Bip001_L_Forearm" name="Bip001_L_Forearm">
                    <matrix sid="matrix">0.6148162 0.7886706 -7.45058e-9 0.5965298 -0.7886705 0.6148162 0 1.19209e-7 2.98023e-8 3.72529e-8 1 1.19209e-7 0 0 0 1</matrix>
                    <node id="node-Bip001_L_Hand" name="Bip001_L_Hand">
                      <matrix sid="matrix">0.9135177 0.1414676 -0.3814083 0.5669823 0.383765 -0.6107118 0.6926439 0 -0.1349438 -0.7791137 -0.6121864 -1.19209e-7 0 0 0 1</matrix>
                      <node id="node-Bip001_L_Finger0" name="Bip001_L_Finger0">
                        <matrix>0.2939333 0.1585433 0.9425855 0.08770609 0.8077934 0.4859584 -0.3336384 0.06247318 -0.5109535 0.8594816 0.01476912 -0.1255724 0 0 0 1</matrix>
                        <node id="node-Bip001_L_Finger01" name="Bip001_L_Finger01">
                          <matrix>0.8799053 -0.4733409 0.04141197 0.07784283 0.4751489 0.8765571 -0.07668881 0 -2.98023e-8 0.08715573 0.9961947 0 0 0 0 1</matrix>
                          <node id="node-Bip001_L_Finger02" name="Bip001_L_Finger02">
                            <matrix sid="matrix">0.7840293 -0.6207238 -5.96046e-8 0.07784271 0.6207238 0.7840291 1.49012e-8 -5.96046e-8 2.98023e-8 2.98023e-8 1 0 0 0 0 1</matrix>
                            <extra>
                              <technique profile="OpenCOLLADA">
                                <cast_shadows>1</cast_shadows>
                                <primary_visibility>1</primary_visibility>
                                <receive_shadows>1</receive_shadows>
                                <secondary_visibility>1</secondary_visibility>
                              </technique>
                            </extra>
                          </node>
                          <extra>
                            <technique profile="OpenCOLLADA">
                              <cast_shadows>1</cast_shadows>
                              <primary_visibility>1</primary_visibility>
                              <receive_shadows>1</receive_shadows>
                              <secondary_visibility>1</secondary_visibility>
                            </technique>
                          </extra>
                        </node>
                        <extra>
                          <technique profile="OpenCOLLADA">
                            <cast_shadows>1</cast_shadows>
                            <primary_visibility>1</primary_visibility>
                            <receive_shadows>1</receive_shadows>
                            <secondary_visibility>1</secondary_visibility>
                          </technique>
                        </extra>
                      </node>
                      <node id="node-Bip001_L_Finger1" name="Bip001_L_Finger1">
                        <matrix sid="matrix">0.7080162 -0.6595931 0.2522898 0.2669586 0.6977218 0.7085367 -0.1056411 0.01472116 -0.1090765 0.2508236 0.9618679 -0.08600569 0 0 0 1</matrix>
                        <node id="node-Bip001_L_Finger11" name="Bip001_L_Finger11">
                          <matrix sid="matrix">0.5080727 -0.8613142 -1.49012e-8 0.1131707 0.8613142 0.5080727 3.35276e-8 0 -2.23517e-8 -1.49012e-8 1 -2.98023e-8 0 0 0 1</matrix>
                          <node id="node-Bip001_L_Finger12" name="Bip001_L_Finger12">
                            <matrix sid="matrix">0.8520784 -0.5234141 -1.49012e-8 0.07134175 0.5234141 0.8520784 1.49012e-8 0 1.86265e-8 -1.49012e-8 0.9999999 2.98023e-8 0 0 0 1</matrix>
                            <extra>
                              <technique profile="OpenCOLLADA">
                                <cast_shadows>1</cast_shadows>
                                <primary_visibility>1</primary_visibility>
                                <receive_shadows>1</receive_shadows>
                                <secondary_visibility>1</secondary_visibility>
                              </technique>
                            </extra>
                          </node>
                          <extra>
                            <technique profile="OpenCOLLADA">
                              <cast_shadows>1</cast_shadows>
                              <primary_visibility>1</primary_visibility>
                              <receive_shadows>1</receive_shadows>
                              <secondary_visibility>1</secondary_visibility>
                            </technique>
                          </extra>
                        </node>
                        <extra>
                          <technique profile="OpenCOLLADA">
                            <cast_shadows>1</cast_shadows>
                            <primary_visibility>1</primary_visibility>
                            <receive_shadows>1</receive_shadows>
                            <secondary_visibility>1</secondary_visibility>
                          </technique>
                        </extra>
                      </node>
                      <node id="node-Bip001_L_Finger2" name="Bip001_L_Finger2">
                        <matrix>0.6260873 -0.7709934 0.116549 0.2747862 0.7768895 0.6295787 -0.008575827 0.01137877 -0.06676492 0.09591485 0.993148 -0.01598474 0 0 0 1</matrix>
                        <node id="node-Bip001_L_Finger21" name="Bip001_L_Finger21">
                          <matrix sid="matrix">0.7269462 -0.6866946 2.98023e-8 0.1239198 0.6866946 0.7269462 -2.23517e-8 -1.19209e-7 -5.96046e-8 -5.96046e-8 1 0 0 0 0 1</matrix>
                          <node id="node-Bip001_L_Finger22" name="Bip001_L_Finger22">
                            <matrix>0.5586714 -0.8293891 -4.47035e-8 0.07462978 0.8293891 0.5586714 -1.49012e-8 1.78814e-7 8.19564e-8 -2.98023e-8 1 2.98023e-8 0 0 0 1</matrix>
                            <extra>
                              <technique profile="OpenCOLLADA">
                                <cast_shadows>1</cast_shadows>
                                <primary_visibility>1</primary_visibility>
                                <receive_shadows>1</receive_shadows>
                                <secondary_visibility>1</secondary_visibility>
                              </technique>
                            </extra>
                          </node>
                          <extra>
                            <technique profile="OpenCOLLADA">
                              <cast_shadows>1</cast_shadows>
                              <primary_visibility>1</primary_visibility>
                              <receive_shadows>1</receive_shadows>
                              <secondary_visibility>1</secondary_visibility>
                            </technique>
                          </extra>
                        </node>
                        <extra>
                          <technique profile="OpenCOLLADA">
                            <cast_shadows>1</cast_shadows>
                            <primary_visibility>1</primary_visibility>
                            <receive_shadows>1</receive_shadows>
                            <secondary_visibility>1</secondary_visibility>
                          </technique>
                        </extra>
                      </node>
                      <node id="node-Bip001_L_Finger3" name="Bip001_L_Finger3">
                        <matrix>0.5854146 -0.8093421 0.04748808 0.2625217 0.806314 0.5873314 0.06999832 0.01878071 -0.08454394 -0.002687708 0.9964162 0.05677435 0 0 0 1</matrix>
                        <node id="node-Bip001_L_Finger31" name="Bip001_L_Finger31">
                          <matrix>0.7848067 -0.6197407 0 0.1180729 0.6197406 0.7848068 -2.98023e-8 -5.96046e-8 -1.49012e-8 -4.47035e-8 1 0 0 0 0 1</matrix>
                          <node id="node-Bip001_L_Finger32" name="Bip001_L_Finger32">
                            <matrix sid="matrix">0.7042068 -0.7099952 4.47035e-8 0.07566071 0.7099952 0.7042067 0 0 2.6077e-8 5.96046e-8 1 -2.98023e-8 0 0 0 1</matrix>
                            <extra>
                              <technique profile="OpenCOLLADA">
                                <cast_shadows>1</cast_shadows>
                                <primary_visibility>1</primary_visibility>
                                <receive_shadows>1</receive_shadows>
                                <secondary_visibility>1</secondary_visibility>
                              </technique>
                            </extra>
                          </node>
                          <extra>
                            <technique profile="OpenCOLLADA">
                              <cast_shadows>1</cast_shadows>
                              <primary_visibility>1</primary_visibility>
                              <receive_shadows>1</receive_shadows>
                              <secondary_visibility>1</secondary_visibility>
                            </technique>
                          </extra>
                        </node>
                        <extra>
                          <technique profile="OpenCOLLADA">
                            <cast_shadows>1</cast_shadows>
                            <primary_visibility>1</primary_visibility>
                            <receive_shadows>1</receive_shadows>
                            <secondary_visibility>1</secondary_visibility>
                          </technique>
                        </extra>
                      </node>
                      <node id="node-Bip001_L_Finger4" name="Bip001_L_Finger4">
                        <matrix>0.8386481 -0.5251325 -0.1445865 0.2505699 0.541752 0.8316817 0.121699 0.02877176 0.05634162 -0.1803926 0.9819798 0.1125897 0 0 0 1</matrix>
                        <node id="node-Bip001_L_Finger41" name="Bip001_L_Finger41">
                          <matrix sid="matrix">0.8000261 -0.5999652 2.98023e-8 0.08922803 0.5999652 0.8000262 -7.45058e-9 -1.19209e-7 5.96046e-8 -7.45058e-8 1 2.98023e-8 0 0 0 1</matrix>
                          <node id="node-Bip001_L_Finger42" name="Bip001_L_Finger42">
                            <matrix sid="matrix">0.8066579 -0.5910187 0 0.05448139 0.5910187 0.8066578 4.47035e-8 0 1.49012e-8 0 0.9999999 -2.98023e-8 0 0 0 1</matrix>
                            <extra>
                              <technique profile="OpenCOLLADA">
                                <cast_shadows>1</cast_shadows>
                                <primary_visibility>1</primary_visibility>
                                <receive_shadows>1</receive_shadows>
                                <secondary_visibility>1</secondary_visibility>
                              </technique>
                            </extra>
                          </node>
                          <extra>
                            <technique profile="OpenCOLLADA">
                              <cast_shadows>1</cast_shadows>
                              <primary_visibility>1</primary_visibility>
                              <receive_shadows>1</receive_shadows>
                              <secondary_visibility>1</secondary_visibility>
                            </technique>
                          </extra>
                        </node>
                        <extra>
                          <technique profile="OpenCOLLADA">
                            <cast_shadows>1</cast_shadows>
                            <primary_visibility>1</primary_visibility>
                            <receive_shadows>1</receive_shadows>
                            <secondary_visibility>1</secondary_visibility>
                          </technique>
                        </extra>
                      </node>
                      <extra>
                        <technique profile="OpenCOLLADA">
                          <cast_shadows>1</cast_shadows>
                          <primary_visibility>1</primary_visibility>
                          <receive_shadows>1</receive_shadows>
                          <secondary_visibility>1</secondary_visibility>
                        </technique>
                      </extra>
                    </node>
                    <extra>
                      <technique profile="OpenCOLLADA">
                        <cast_shadows>1</cast_shadows>
                        <primary_visibility>1</primary_visibility>
                        <receive_shadows>1</receive_shadows>
                        <secondary_visibility>1</secondary_visibility>
                      </technique>
                    </extra>
                  </node>
                  <node id="node-Bip001_LUpArmTwist" name="Bip001_LUpArmTwist">
                    <matrix>1 4.47035e-8 2.98023e-8 -1.78814e-7 7.45058e-8 0.9697352 0.2441576 1.19209e-7 0 -0.2441579 0.9697354 -2.38419e-7 0 0 0 1</matrix>
                    <node>
                      <matrix>0.2982649 0 0 0 0 1.27327 0 0 0 0 1.27327 0 0 0 0 1</matrix>
                      
                    </node>
                    <extra>
                      <technique profile="OpenCOLLADA">
                        <cast_shadows>1</cast_shadows>
                        <primary_visibility>1</primary_visibility>
                        <receive_shadows>1</receive_shadows>
                        <secondary_visibility>1</secondary_visibility>
                      </technique>
                    </extra>
                  </node>
                  <extra>
                    <technique profile="OpenCOLLADA">
                      <cast_shadows>1</cast_shadows>
                      <primary_visibility>1</primary_visibility>
                      <receive_shadows>1</receive_shadows>
                      <secondary_visibility>1</secondary_visibility>
                    </technique>
                  </extra>
                </node>
                <extra>
                  <technique profile="OpenCOLLADA">
                    <cast_shadows>1</cast_shadows>
                    <primary_visibility>1</primary_visibility>
                    <receive_shadows>1</receive_shadows>
                    <secondary_visibility>1</secondary_visibility>
                  </technique>
                </extra>
              </node>
              <node id="node-Bip001_R_Clavicle" name="Bip001_R_Clavicle">
                <matrix sid="matrix">0.03895939 -0.8544115 -0.5181341 -0.1128401 0.05409761 -0.5159639 0.8549004 0.04512501 -0.9977753 -0.06133624 0.02611998 -0.1933119 0 0 0 1</matrix>
                <node id="node-Bip001_R_UpperArm" name="Bip001_R_UpperArm">
                  <matrix sid="matrix">0.9003525 0.2186676 -0.3762314 0.4544815 -0.2275053 0.9735421 0.0213888 5.96046e-8 0.3709541 0.06633723 0.9262791 0 0 0 0 1</matrix>
                  <node id="node-Bip001_R_Forearm" name="Bip001_R_Forearm">
                    <matrix sid="matrix">0.5805565 0.81422 2.98023e-8 0.5965298 -0.8142201 0.5805563 0 0 0 0 1 -2.38419e-7 0 0 0 1</matrix>
                    <node id="node-Bip001_R_Hand" name="Bip001_R_Hand">
                      <matrix sid="matrix">0.9154582 -0.1759647 0.3619017 0.5669825 0.2491302 -0.4584352 -0.8530952 2.98023e-8 0.3160231 0.8711336 -0.3758401 0 0 0 0 1</matrix>
                      <node id="node-Bip001_R_Finger0" name="Bip001_R_Finger0">
                        <matrix>0.2939332 0.1585433 -0.9425855 0.08770609 0.8077931 0.4859582 0.3336383 0.06247306 0.5109534 -0.8594816 0.01476906 0.1255725 0 0 0 1</matrix>
                        <node id="node-Bip001_R_Finger01" name="Bip001_R_Finger01">
                          <matrix>0.8799056 -0.4733405 -0.04141195 0.07784259 0.4751487 0.8765574 0.07668877 0 -2.98023e-8 -0.08715576 0.9961948 0 0 0 0 1</matrix>
                          <node id="node-Bip001_R_Finger02" name="Bip001_R_Finger02">
                            <matrix sid="matrix">0.7736543 -0.6207239 0.1271254 0.07784259 0.61251 0.7840292 0.1006464 -5.96046e-8 -0.1621437 1.49012e-8 0.9867672 -1.78814e-7 0 0 0 1</matrix>
                            <extra>
                              <technique profile="OpenCOLLADA">
                                <cast_shadows>1</cast_shadows>
                                <primary_visibility>1</primary_visibility>
                                <receive_shadows>1</receive_shadows>
                                <secondary_visibility>1</secondary_visibility>
                              </technique>
                            </extra>
                          </node>
                          <extra>
                            <technique profile="OpenCOLLADA">
                              <cast_shadows>1</cast_shadows>
                              <primary_visibility>1</primary_visibility>
                              <receive_shadows>1</receive_shadows>
                              <secondary_visibility>1</secondary_visibility>
                            </technique>
                          </extra>
                        </node>
                        <extra>
                          <technique profile="OpenCOLLADA">
                            <cast_shadows>1</cast_shadows>
                            <primary_visibility>1</primary_visibility>
                            <receive_shadows>1</receive_shadows>
                            <secondary_visibility>1</secondary_visibility>
                          </technique>
                        </extra>
                      </node>
                      <node id="node-Bip001_R_Finger1" name="Bip001_R_Finger1">
                        <matrix sid="matrix">0.6520177 -0.7149985 -0.2522899 0.2669586 0.7530431 0.649435 0.105641 0.01472116 0.08831283 -0.2588651 0.9618677 0.08600575 0 0 0 1</matrix>
                        <node id="node-Bip001_R_Finger11" name="Bip001_R_Finger11">
                          <matrix sid="matrix">0.4363287 -0.8997874 0 0.1131706 0.8997874 0.4363287 -2.98023e-8 -1.19209e-7 1.86265e-8 5.96046e-8 1 -1.19209e-7 0 0 0 1</matrix>
                          <node id="node-Bip001_R_Finger12" name="Bip001_R_Finger12">
                            <matrix sid="matrix">0.8918301 -0.4523704 4.47035e-8 0.07134211 0.4523704 0.8918302 0 1.19209e-7 -4.47035e-8 -2.98023e-8 0.9999999 1.19209e-7 0 0 0 1</matrix>
                            <extra>
                              <technique profile="OpenCOLLADA">
                                <cast_shadows>1</cast_shadows>
                                <primary_visibility>1</primary_visibility>
                                <receive_shadows>1</receive_shadows>
                                <secondary_visibility>1</secondary_visibility>
                              </technique>
                            </extra>
                          </node>
                          <extra>
                            <technique profile="OpenCOLLADA">
                              <cast_shadows>1</cast_shadows>
                              <primary_visibility>1</primary_visibility>
                              <receive_shadows>1</receive_shadows>
                              <secondary_visibility>1</secondary_visibility>
                            </technique>
                          </extra>
                        </node>
                        <extra>
                          <technique profile="OpenCOLLADA">
                            <cast_shadows>1</cast_shadows>
                            <primary_visibility>1</primary_visibility>
                            <receive_shadows>1</receive_shadows>
                            <secondary_visibility>1</secondary_visibility>
                          </technique>
                        </extra>
                      </node>
                      <node id="node-Bip001_R_Finger2" name="Bip001_R_Finger2">
                        <matrix>0.6260872 -0.7709935 -0.116549 0.2747862 0.7768893 0.6295787 0.008575782 0.01137877 0.06676483 -0.09591496 0.993148 0.01598477 0 0 0 1</matrix>
                        <node id="node-Bip001_R_Finger21" name="Bip001_R_Finger21">
                          <matrix sid="matrix">0.6686804 -0.7435499 0 0.1239195 0.7435499 0.6686804 7.45058e-8 -5.96046e-8 2.98023e-8 0 1 -5.96046e-8 0 0 0 1</matrix>
                          <node id="node-Bip001_R_Finger22" name="Bip001_R_Finger22">
                            <matrix>0.5586713 -0.8293893 -1.49012e-8 0.07462978 0.8293893 0.5586714 0 -5.96046e-8 -5.96046e-8 5.96046e-8 1 0 0 0 0 1</matrix>
                            <extra>
                              <technique profile="OpenCOLLADA">
                                <cast_shadows>1</cast_shadows>
                                <primary_visibility>1</primary_visibility>
                                <receive_shadows>1</receive_shadows>
                                <secondary_visibility>1</secondary_visibility>
                              </technique>
                            </extra>
                          </node>
                          <extra>
                            <technique profile="OpenCOLLADA">
                              <cast_shadows>1</cast_shadows>
                              <primary_visibility>1</primary_visibility>
                              <receive_shadows>1</receive_shadows>
                              <secondary_visibility>1</secondary_visibility>
                            </technique>
                          </extra>
                        </node>
                        <extra>
                          <technique profile="OpenCOLLADA">
                            <cast_shadows>1</cast_shadows>
                            <primary_visibility>1</primary_visibility>
                            <receive_shadows>1</receive_shadows>
                            <secondary_visibility>1</secondary_visibility>
                          </technique>
                        </extra>
                      </node>
                      <node id="node-Bip001_R_Finger3" name="Bip001_R_Finger3">
                        <matrix>0.5854146 -0.8093423 -0.04748812 0.2625217 0.8063139 0.5873314 -0.06999838 0.01878071 0.0845439 0.002687678 0.9964163 -0.05677432 0 0 0 1</matrix>
                        <node id="node-Bip001_R_Finger31" name="Bip001_R_Finger31">
                          <matrix>0.7848066 -0.6197406 2.98023e-8 0.1180727 0.6197406 0.7848066 1.49012e-8 0 3.72529e-8 -2.98023e-8 0.9999999 -5.96046e-8 0 0 0 1</matrix>
                          <node id="node-Bip001_R_Finger32" name="Bip001_R_Finger32">
                            <matrix sid="matrix">0.3654804 -0.930819 7.45058e-9 0.07566094 0.930819 0.3654805 0 -5.96046e-8 8.9407e-8 1.04308e-7 1 1.19209e-7 0 0 0 1</matrix>
                            <extra>
                              <technique profile="OpenCOLLADA">
                                <cast_shadows>1</cast_shadows>
                                <primary_visibility>1</primary_visibility>
                                <receive_shadows>1</receive_shadows>
                                <secondary_visibility>1</secondary_visibility>
                              </technique>
                            </extra>
                          </node>
                          <extra>
                            <technique profile="OpenCOLLADA">
                              <cast_shadows>1</cast_shadows>
                              <primary_visibility>1</primary_visibility>
                              <receive_shadows>1</receive_shadows>
                              <secondary_visibility>1</secondary_visibility>
                            </technique>
                          </extra>
                        </node>
                        <extra>
                          <technique profile="OpenCOLLADA">
                            <cast_shadows>1</cast_shadows>
                            <primary_visibility>1</primary_visibility>
                            <receive_shadows>1</receive_shadows>
                            <secondary_visibility>1</secondary_visibility>
                          </technique>
                        </extra>
                      </node>
                      <node id="node-Bip001_R_Finger4" name="Bip001_R_Finger4">
                        <matrix>0.8386481 -0.5251325 0.1445864 0.25057 0.5417518 0.8316815 -0.121699 0.02877188 -0.05634175 0.1803925 0.9819797 -0.1125897 0 0 0 1</matrix>
                        <node id="node-Bip001_R_Finger41" name="Bip001_R_Finger41">
                          <matrix sid="matrix">0.7485733 -0.663052 0 0.08922815 0.6630521 0.7485733 3.72529e-9 0 7.45058e-9 -1.49012e-8 1 0 0 0 0 1</matrix>
                          <node id="node-Bip001_R_Finger42" name="Bip001_R_Finger42">
                            <matrix sid="matrix">0.7559108 -0.6546748 0 0.05448151 0.6546748 0.7559109 0 5.96046e-8 -3.1665e-8 4.47035e-8 1 5.96046e-8 0 0 0 1</matrix>
                            <extra>
                              <technique profile="OpenCOLLADA">
                                <cast_shadows>1</cast_shadows>
                                <primary_visibility>1</primary_visibility>
                                <receive_shadows>1</receive_shadows>
                                <secondary_visibility>1</secondary_visibility>
                              </technique>
                            </extra>
                          </node>
                          <extra>
                            <technique profile="OpenCOLLADA">
                              <cast_shadows>1</cast_shadows>
                              <primary_visibility>1</primary_visibility>
                              <receive_shadows>1</receive_shadows>
                              <secondary_visibility>1</secondary_visibility>
                            </technique>
                          </extra>
                        </node>
                        <extra>
                          <technique profile="OpenCOLLADA">
                            <cast_shadows>1</cast_shadows>
                            <primary_visibility>1</primary_visibility>
                            <receive_shadows>1</receive_shadows>
                            <secondary_visibility>1</secondary_visibility>
                          </technique>
                        </extra>
                      </node>
                      <extra>
                        <technique profile="OpenCOLLADA">
                          <cast_shadows>1</cast_shadows>
                          <primary_visibility>1</primary_visibility>
                          <receive_shadows>1</receive_shadows>
                          <secondary_visibility>1</secondary_visibility>
                        </technique>
                      </extra>
                    </node>
                    <extra>
                      <technique profile="OpenCOLLADA">
                        <cast_shadows>1</cast_shadows>
                        <primary_visibility>1</primary_visibility>
                        <receive_shadows>1</receive_shadows>
                        <secondary_visibility>1</secondary_visibility>
                      </technique>
                    </extra>
                  </node>
                  <node id="node-Bip001_RUpArmTwist" name="Bip001_RUpArmTwist">
                    <matrix>1 6.70552e-8 8.9407e-8 -5.96046e-8 -1.49012e-8 0.9697356 -0.2441585 0 -5.96046e-8 0.2441585 0.969736 -2.38419e-7 0 0 0 1</matrix>
                    <node>
                      <matrix>0.2982649 0 0 0 0 1.27327 0 0 0 0 1.27327 0 0 0 0 1</matrix>
                      
                    </node>
                    <extra>
                      <technique profile="OpenCOLLADA">
                        <cast_shadows>1</cast_shadows>
                        <primary_visibility>1</primary_visibility>
                        <receive_shadows>1</receive_shadows>
                        <secondary_visibility>1</secondary_visibility>
                      </technique>
                    </extra>
                  </node>
                  <extra>
                    <technique profile="OpenCOLLADA">
                      <cast_shadows>1</cast_shadows>
                      <primary_visibility>1</primary_visibility>
                      <receive_shadows>1</receive_shadows>
                      <secondary_visibility>1</secondary_visibility>
                    </technique>
                  </extra>
                </node>
                <extra>
                  <technique profile="OpenCOLLADA">
                    <cast_shadows>1</cast_shadows>
                    <primary_visibility>1</primary_visibility>
                    <receive_shadows>1</receive_shadows>
                    <secondary_visibility>1</secondary_visibility>
                  </technique>
                </extra>
              </node>
              <node id="node-Bip001_Head" name="Bip001_Head">
                <matrix sid="matrix">0.7742997 0.623513 0.1081271 0.1646721 -0.6327171 0.7658564 0.1145995 0 -0.0113555 -0.1571483 0.9875097 0 0 0 0 1</matrix>
                <extra>
                  <technique profile="OpenCOLLADA">
                    <cast_shadows>1</cast_shadows>
                    <primary_visibility>1</primary_visibility>
                    <receive_shadows>1</receive_shadows>
                    <secondary_visibility>1</secondary_visibility>
                  </technique>
                </extra>
              </node>
              <extra>
                <technique profile="OpenCOLLADA">
                  <cast_shadows>1</cast_shadows>
                  <primary_visibility>1</primary_visibility>
                  <receive_shadows>1</receive_shadows>
                  <secondary_visibility>1</secondary_visibility>
                </technique>
              </extra>
            </node>
            <node id="node-Bip001_L_Thigh" name="Bip001_L_Thigh">
              <matrix sid="matrix">-0.228858 0.9572135 0.1771063 -0.2806311 0.9645525 0.1984235 0.1739735 0.1716131 0.1313877 0.2106435 -0.9686933 0.2548953 0 0 0 1</matrix>
              <node id="node-Bip001_L_Calf" name="Bip001_L_Calf">
                <matrix sid="matrix">0.3393871 0.9406469 -7.45058e-9 0.7540251 -0.9406466 0.339387 7.45058e-9 0 7.45058e-9 5.58794e-9 1 -2.98023e-8 0 0 0 1</matrix>
                <node id="node-Bip001_L_HorseLink" name="Bip001_L_HorseLink">
                  <matrix sid="matrix">0.06202149 -0.9980749 0 0.6193798 0.9980748 0.06202152 0 -5.96046e-8 0 0 1 0 0 0 0 1</matrix>
                  <node id="node-Bip001_L_Foot" name="Bip001_L_Foot">
                    <matrix sid="matrix">0.3992456 0.9168338 0.004301891 0.3157223 -0.9127175 0.3969997 0.09663229 -1.19209e-7 0.0868879 -0.04250653 0.9953107 0 0 0 0 1</matrix>
                    <node id="node-Bip001_L_Toe0" name="Bip001_L_Toe0">
                      <matrix sid="matrix">-1.46256e-6 -1 1.06779e-6 0.2393353 0.9483238 -1.72579e-6 -0.3173038 0.5745062 0.3173038 5.48532e-7 0.9483238 2.98023e-8 0 0 0 1</matrix>
                      <extra>
                        <technique profile="OpenCOLLADA">
                          <cast_shadows>1</cast_shadows>
                          <primary_visibility>1</primary_visibility>
                          <receive_shadows>1</receive_shadows>
                          <secondary_visibility>1</secondary_visibility>
                        </technique>
                      </extra>
                    </node>
                    <extra>
                      <technique profile="OpenCOLLADA">
                        <cast_shadows>1</cast_shadows>
                        <primary_visibility>1</primary_visibility>
                        <receive_shadows>1</receive_shadows>
                        <secondary_visibility>1</secondary_visibility>
                      </technique>
                    </extra>
                  </node>
                  <extra>
                    <technique profile="OpenCOLLADA">
                      <cast_shadows>1</cast_shadows>
                      <primary_visibility>1</primary_visibility>
                      <receive_shadows>1</receive_shadows>
                      <secondary_visibility>1</secondary_visibility>
                    </technique>
                  </extra>
                </node>
                <extra>
                  <technique profile="OpenCOLLADA">
                    <cast_shadows>1</cast_shadows>
                    <primary_visibility>1</primary_visibility>
                    <receive_shadows>1</receive_shadows>
                    <secondary_visibility>1</secondary_visibility>
                  </technique>
                </extra>
              </node>
              <extra>
                <technique profile="OpenCOLLADA">
                  <cast_shadows>1</cast_shadows>
                  <primary_visibility>1</primary_visibility>
                  <receive_shadows>1</receive_shadows>
                  <secondary_visibility>1</secondary_visibility>
                </technique>
              </extra>
            </node>
            <node id="node-Bip001_R_Thigh" name="Bip001_R_Thigh">
              <matrix sid="matrix">-0.8517962 0.5103034 0.1184649 -0.255441 0.3535064 0.7267848 -0.588912 -0.03603423 -0.3866222 -0.4597548 -0.7994679 -0.3261349 0 0 0 1</matrix>
              <node id="node-Bip001_R_Calf" name="Bip001_R_Calf">
                <matrix sid="matrix">0.3629571 0.9318059 -1.49012e-8 0.7540253 -0.9318058 0.3629571 3.25963e-9 -3.72529e-9 -5.21541e-8 1.49012e-8 1 0 0 0 0 1</matrix>
                <node id="node-Bip001_R_HorseLink" name="Bip001_R_HorseLink">
                  <matrix sid="matrix">-0.1652391 -0.9862536 2.98023e-8 0.6193799 0.9862536 -0.1652391 -1.49012e-8 -5.96046e-8 1.49012e-8 -7.45058e-8 0.9999999 0 0 0 0 1</matrix>
                  <node id="node-Bip001_R_Foot" name="Bip001_R_Foot">
                    <matrix sid="matrix">0.8215031 0.5641453 0.08289944 0.3157223 -0.5095119 0.7915336 -0.3374493 8.9407e-8 -0.2559882 0.2349774 0.9376863 0 0 0 0 1</matrix>
                    <node id="node-Bip001_R_Toe0" name="Bip001_R_Toe0">
                      <matrix sid="matrix">-9.29195e-7 -1 -4.78115e-7 0.2393353 0.8480482 -1.04136e-6 0.5299191 0.5745062 -0.529919 8.69333e-8 0.8480483 0 0 0 0 1</matrix>
                      <extra>
                        <technique profile="OpenCOLLADA">
                          <cast_shadows>1</cast_shadows>
                          <primary_visibility>1</primary_visibility>
                          <receive_shadows>1</receive_shadows>
                          <secondary_visibility>1</secondary_visibility>
                        </technique>
                      </extra>
                    </node>
                    <extra>
                      <technique profile="OpenCOLLADA">
                        <cast_shadows>1</cast_shadows>
                        <primary_visibility>1</primary_visibility>
                        <receive_shadows>1</receive_shadows>
                        <secondary_visibility>1</secondary_visibility>
                      </technique>
                    </extra>
                  </node>
                  <extra>
                    <technique profile="OpenCOLLADA">
                      <cast_shadows>1</cast_shadows>
                      <primary_visibility>1</primary_visibility>
                      <receive_shadows>1</receive_shadows>
                      <secondary_visibility>1</secondary_visibility>
                    </technique>
                  </extra>
                </node>
                <extra>
                  <technique profile="OpenCOLLADA">
                    <cast_shadows>1</cast_shadows>
                    <primary_visibility>1</primary_visibility>
                    <receive_shadows>1</receive_shadows>
                    <secondary_visibility>1</secondary_visibility>
                  </technique>
                </extra>
              </node>
              <extra>
                <technique profile="OpenCOLLADA">
                  <cast_shadows>1</cast_shadows>
                  <primary_visibility>1</primary_visibility>
                  <receive_shadows>1</receive_shadows>
                  <secondary_visibility>1</secondary_visibility>
                </technique>
              </extra>
            </node>
            <extra>
              <technique profile="OpenCOLLADA">
                <cast_shadows>1</cast_shadows>
                <primary_visibility>1</primary_visibility>
                <receive_shadows>1</receive_shadows>
                <secondary_visibility>1</secondary_visibility>
              </technique>
            </extra>
          </node>
          <extra>
            <technique profile="OpenCOLLADA">
              <cast_shadows>1</cast_shadows>
              <primary_visibility>1</primary_visibility>
              <receive_shadows>1</receive_shadows>
              <secondary_visibility>1</secondary_visibility>
            </technique>
          </extra>
        </node>
        <extra>
          <technique profile="OpenCOLLADA">
            <cast_shadows>1</cast_shadows>
            <primary_visibility>1</primary_visibility>
            <receive_shadows>1</receive_shadows>
            <secondary_visibility>1</secondary_visibility>
          </technique>
        </extra>
      </node>
    </visual_scene>
