{"asset":{"unit":{"name":"meter","meter":1},"upAxis":"Y_UP","title":null,"subject":null,"created":"Thu Aug 01 2013 13:26:02 GMT+0400 (Московское время (зима))","modified":"Thu Aug 01 2013 13:26:02 GMT+0400 (Московское время (зима))","contributor":{"author":null,"authoringTool":"Akra Engine exporter;Version 0.0.1;Browser Chrome, 30.0.1582.0 (Windows)","comments":null,"copyright":null,"sourceData":null},"keywords":null},"library":[{"type":2,"animations":[1922,1934,1944,1981,2018],"options":0,"name":"gun_idle","guid":1908},{"name":"gun_idle_down.DAE","targets":[{"name":"node-Bip001","target":null},{"name":"node-Bip001_Pelvis","target":null},{"name":"node-Bip001_Spine","target":null},{"name":"node-Bip001_Spine1","target":null},{"name":"node-Bip001_Spine2","target":null},{"name":"node-Bip001_Head","target":null},{"name":"node-Bone023","target":null},{"name":"node-Bone024","target":null},{"name":"node-Bone026","target":null},{"name":"node-Bone027","target":null},{"name":"node-Bone028","target":null},{"name":"node-Bone030","target":null},{"name":"node-Bone_hair02","target":null},{"name":"node-Bone_hair03","target":null},{"name":"node-Bip001_L_Clavicle","target":null},{"name":"node-Bip001_L_UpperArm","target":null},{"name":"node-Bip001_L_Forearm","target":null},{"name":"node-Bip001_L_Hand","target":null},{"name":"node-Bip001_L_Finger1","target":null},{"name":"node-Bip001_L_Finger11","target":null},{"name":"node-Bip001_L_Finger12","target":null},{"name":"node-Bip001_L_ForeTwist","target":null},{"name":"node-Bip001_L_ForeTwist1","target":null},{"name":"node-Bip001_LUpArmTwist","target":null},{"name":"node-Bip001_R_Clavicle","target":null},{"name":"node-Bip001_R_UpperArm","target":null},{"name":"node-Bip001_R_Forearm","target":null},{"name":"node-Bip001_R_Hand","target":null},{"name":"node-Bip001_R_Finger0","target":null},{"name":"node-Bip001_R_Finger01","target":null},{"name":"node-Bip001_R_Finger1","target":null},{"name":"node-Bip001_R_Finger11","target":null},{"name":"node-Bip001_R_Finger12","target":null},{"name":"node-Bip001_R_Finger2","target":null},{"name":"node-Bip001_R_Finger22","target":null},{"name":"node-Bip001_R_Finger3","target":null},{"name":"node-Bip001_R_Finger31","target":null},{"name":"node-Bip001_R_Finger32","target":null},{"name":"node-Bip001_R_Finger4","target":null},{"name":"node-Bip001_R_Finger41","target":null},{"name":"node-Bip001_R_Finger42","target":null},{"name":"node-Bip001_R_ForeTwist","target":null},{"name":"node-Bip001_R_ForeTwist1","target":null},{"name":"node-Bip001_RUpArmTwist","target":null},{"name":"node-Bone009","target":null},{"name":"node-Bone010","target":null},{"name":"node-Bone011","target":null},{"name":"node-Bone012","target":null},{"name":"node-Bone013","target":null},{"name":"node-Bip001_L_Thigh","target":null},{"name":"node-Bip001_L_Calf","target":null},{"name":"node-Bip001_L_Foot","target":null},{"name":"node-Bip001_LCalfTwist","target":null},{"name":"node-Bip001_LCalfTwist1","target":null},{"name":"node-Bip001_R_Thigh","target":null},{"name":"node-Bip001_R_Calf","target":null},{"name":"node-Bip001_R_Foot","target":null},{"name":"node-Bip001_R_Toe0","target":null},{"name":"node-Bip001_RCalfTwist","target":null},{"name":"node-Bip001_RCalfTwist1","target":null},{"name":"node-Bip001_LThighTwist","target":null},{"name":"node-Bip001_RThighTwist","target":null},{"name":"node-Bip001_RUpArmTwist1","target":null},{"name":"node-Bip001_R_Finger21","target":null},{"name":"node-Bip001_R_Finger02","target":null},{"name":"node-Bip001_LUpArmTwist1","target":null},{"name":"node-Bip001_L_Finger4","target":null},{"name":"node-Bip001_L_Finger41","target":null},{"name":"node-Bip001_L_Finger42","target":null},{"name":"node-Bip001_L_Finger3","target":null},{"name":"node-Bip001_L_Finger31","target":null},{"name":"node-Bip001_L_Finger32","target":null},{"name":"node-Bip001_L_Finger2","target":null},{"name":"node-Bip001_L_Finger21","target":null},{"name":"node-Bip001_L_Finger22","target":null},{"name":"node-Bip001_L_Finger0","target":null},{"name":"node-Bip001_L_Finger01","target":null},{"name":"node-Bip001_L_Finger02","target":null},{"name":"node-Bone_hair01","target":null},{"name":"node-Bone029","target":null},{"name":"node-Bone025","target":null},{"name":"node-Bone022","target":null},{"name":"node-Bone_lip_r","target":null},{"name":"node-Bone_lip_u","target":null},{"name":"node-Bone_lip_l","target":null},{"name":"node-Bone0_eyeL_liddown","target":null},{"name":"node-Bone0_eyeL","target":null},{"name":"node-Bone0_eyeL_lidup","target":null},{"name":"node-Bone_eyeR_liddown","target":null},{"name":"node-Bone_eyeR","target":null},{"name":"node-Bone_eyeR_lidup","target":null},{"name":"node-Bone_brow","target":null},{"name":"node-Bone_nose","target":null},{"name":"node-Bone_jaw","target":null},{"name":"node-Bone_lip_d","target":null},{"name":"node-Bip001_RThighTwist1","target":null},{"name":"node-Bip001_LThighTwist1","target":null},{"name":"node-Bone_holsterR","target":null},{"name":"node-Dummy01","target":null},{"name":"node-Object025","target":null},{"name":"node-Bone_holsterL","target":null},{"name":"node-Bip001_L_Toe0","target":null},{"name":"node-Bone_knife","target":null},{"name":"node-Bone_knifes","target":null},{"name":"node-Bone006","target":null},{"name":"node-Bone_backpack","target":null},{"name":"node-Dummy05","target":null},{"name":"node-Dummy02","target":null},{"name":"node-Dummy03","target":null},{"name":"node-Mesh001","target":null},{"name":"node-Dummy04","target":null},{"name":"node-Mesh003","target":null},{"name":"node-Mesh002","target":null},{"name":"node-Bip001_Neck","target":null}],"type":3,"extra":{"graph":{"x":1,"y":132}},"tracks":[{"interpolation":0,"keyframes":[{"time":0,"weight":1,"matrix":[0.000001311300025008677,-0.9486016035079956,-0.3164728879928589,0,1,0.0000013709100130654406,1.4901199563155387e-7,0,2.980229965032777e-7,-0.3164728879928589,0.9486016035079956,0,4.726900100708008,-6.918567180633545,96.70079040527344,1]},{"time":0.03333333879709244,"weight":1,"matrix":[0.000001311300025008677,-0.9486016035079956,-0.3164728879928589,0,1,0.0000013709100130654406,1.4901199563155387e-7,0,2.980229965032777e-7,-0.3164728879928589,0.9486016035079956,0,4.726900100708008,-6.918567180633545,96.70079040527344,1]},{"time":0.06666667014360428,"weight":1,"matrix":[0.0015525809722021222,-0.9485697746276855,-0.31656429171562195,0,0.9999982118606567,0.001805483945645392,-0.0005055220099166036,0,0.0010510679567232728,-0.3165630102157593,0.9485709071159363,0,4.643513202667236,-6.993247032165527,96.6308822631836,1]},{"time":0.10000000149011612,"weight":1,"matrix":[0.003356039058417082,-0.9485316276550293,-0.3166651129722595,0,0.9999920129776001,0.0038954010233283043,-0.0010701409773901105,0,0.002248643897473812,-0.3166589140892029,0.9485368132591248,0,4.548937797546387,-7.077396869659424,96.55197143554688,1]},{"time":0.13333329558372498,"weight":1,"matrix":[0.005351721774786711,-0.9484860897064209,-0.3167737126350403,0,0.9999793767929077,0.006203352939337492,-0.0016800160519778728,0,0.003558516036719084,-0.31675809621810913,0.9484996795654297,0,4.445796966552734,-7.168808937072754,96.46614074707031,1]},{"time":0.16666670143604279,"weight":1,"matrix":[0.007479310035705566,-0.9484333992004395,-0.31688830256462097,0,0.9999598264694214,0.008661209605634212,-0.002321243053302169,0,0.004946230910718441,-0.3168582022190094,0.9484601020812988,0,4.336721897125244,-7.265262126922607,96.3755111694336,1]},{"time":0.20000000298023224,"weight":1,"matrix":[0.009679256938397884,-0.9483739137649536,-0.3170070946216583,0,0.9999330043792725,0.01120167039334774,-0.0029801130294799805,0,0.0063772788271307945,-0.31695690751075745,0.9484184980392456,0,4.224332809448242,-7.364545822143555,96.28218841552734,1]},{"time":0.2333333045244217,"weight":1,"matrix":[0.01189171988517046,-0.9483081102371216,-0.31712809205055237,0,0.9998986721038818,0.013756870292127132,-0.003642797004431486,0,0.007817207835614681,-0.3170526921749115,0.9483757019042969,0,4.111264228820801,-7.464443206787109,96.18830108642578,1]},{"time":0.2666667103767395,"weight":1,"matrix":[0.014056320302188396,-0.9482380151748657,-0.3172493875026703,0,0.9998586177825928,0.016258709132671356,-0.004295647144317627,0,0.0092313876375556,-0.3171441853046417,0.9483324289321899,0,4.0001349449157715,-7.562744140625,96.09593200683594,1]},{"time":0.30000001192092896,"weight":1,"matrix":[0.016113100573420525,-0.9481654763221741,-0.31736859679222107,0,0.9998142123222351,0.018639320507645607,-0.0049249520525336266,0,0.010585240088403225,-0.3172301948070526,0.9482895135879517,0,3.893578052520752,-7.657227993011475,96.00724029541016,1]},{"time":0.3333333134651184,"weight":1,"matrix":[0.018002619966864586,-0.9480929970741272,-0.3174833059310913,0,0.9997677803039551,0.020831279456615448,-0.005517004989087582,0,0.0118442103266716,-0.3173102140426636,0.9482477903366089,0,3.794214963912964,-7.745687007904053,95.9242935180664,1]},{"time":0.366666704416275,"weight":1,"matrix":[0.019664760679006577,-0.9480239152908325,-0.3175911009311676,0,0.9997224807739258,0.022766640409827232,-0.006058216094970703,0,0.012973779812455177,-0.3173837959766388,0.9482083916664124,0,3.704677104949951,-7.825901985168457,95.84919738769531,1]},{"time":0.4000000059604645,"weight":1,"matrix":[0.021039899438619614,-0.9479613900184631,-0.3176893889904022,0,0.9996814727783203,0.02437788061797619,-0.006534873973578215,0,0.013939379714429379,-0.31745079159736633,0.9481722712516785,0,3.6275858879089355,-7.8956618309021,95.78411102294922,1]},{"time":0.43333330750465393,"weight":1,"matrix":[0.02206783927977085,-0.9479091167449951,-0.317775696516037,0,0.9996482729911804,0.025596730411052704,-0.006933509837836027,0,0.014706309884786606,-0.3175109922885895,0.9481406211853027,0,3.56557297706604,-7.952748775482178,95.7311019897461,1]},{"time":0.46666669845581055,"weight":1,"matrix":[0.022688979282975197,-0.9478703737258911,-0.3178474009037018,0,0.9996265172958374,0.026355739682912827,-0.007240355014801025,0,0.015240009874105453,-0.3175643980503082,0.9481142163276672,0,3.521260976791382,-7.994952201843262,95.69230651855469,1]},{"time":0.5,"weight":1,"matrix":[0.022843709215521812,-0.9478484988212585,-0.3179017901420593,0,0.9996188282966614,0.02658741921186447,-0.007441877853125334,0,0.015506019815802574,-0.31761059165000916,0.9480944275856018,0,3.497278928756714,-8.020055770874023,95.66983032226562,1]},{"time":0.533333420753479,"weight":1,"matrix":[0.02247183956205845,-0.9478455781936646,-0.317936509847641,0,0.9996278285980225,0.02622354030609131,-0.007524549029767513,0,0.015469489619135857,-0.31764909625053406,0.9480822086334229,0,3.49625301361084,-8.025845527648926,95.665771484375,1]},{"time":0.5666667222976685,"weight":1,"matrix":[0.021582959219813347,-0.9478601217269897,-0.3179554045200348,0,0.9996523261070251,0.025278860703110695,-0.007502198219299316,0,0.015148630365729332,-0.3176828920841217,0.9480760097503662,0,3.516551971435547,-8.014039039611816,95.6786117553711,1]},{"time":0.6000000238418579,"weight":1,"matrix":[0.020258840173482895,-0.9478862881660461,-0.3179644048213959,0,0.9996882081031799,0.023849179968237877,-0.007402657996863127,0,0.014600089751183987,-0.31771519780158997,0.9480738043785095,0,3.5536460876464844,-7.988729000091553,95.70449829101562,1]},{"time":0.6333333253860474,"weight":1,"matrix":[0.018547890707850456,-0.9479213953018188,-0.31796419620513916,0,0.9997320771217346,0.021987970918416977,-0.007233201991766691,0,0.013847880065441132,-0.3177449107170105,0.9480751156806946,0,3.605804920196533,-7.951260089874268,95.74215698242188,1]},{"time":0.6666666865348816,"weight":1,"matrix":[0.016497910022735596,-0.9479619860649109,-0.31795600056648254,0,0.9997805953025818,0.01974797062575817,-0.007001041900366545,0,0.01291572954505682,-0.3177708089351654,0.9480795860290527,0,3.6713039875030518,-7.902976036071777,95.7902603149414,1]},{"time":0.699999988079071,"weight":1,"matrix":[0.014157709665596485,-0.9480050206184387,-0.3179408013820648,0,0.999829888343811,0.017183180898427963,-0.006713329814374447,0,0.011827520094811916,-0.3177917003631592,0.9480867981910706,0,3.748410940170288,-7.845223903656006,95.84747314453125,1]},{"time":0.7333332896232605,"weight":1,"matrix":[0.01157522015273571,-0.9480471014976501,-0.3179194927215576,0,0.9998767971992493,0.014346649870276451,-0.006377338897436857,0,0.010607119649648666,-0.31780651211738586,0.9480962753295898,0,3.835400104522705,-7.7793498039245605,95.91249084472656,1]},{"time":0.7666667103767395,"weight":1,"matrix":[0.008799076080322266,-0.9480857849121094,-0.31789299845695496,0,0.9999182224273682,0.011291979812085629,-0.006000279914587736,0,0.009278476238250732,-0.3178142011165619,0.9481076002120972,0,3.930546998977661,-7.70669412612915,95.9840087890625,1]},{"time":0.800000011920929,"weight":1,"matrix":[0.005877375137060881,-0.9481188058853149,-0.3178623914718628,0,0.9999518990516663,0.00807255506515503,-0.0055894250981509686,0,0.007865427993237972,-0.3178142011165619,0.9481204152107239,0,4.032116889953613,-7.628608226776123,96.06069946289062,1]},{"time":0.8333333134651184,"weight":1,"matrix":[0.0028585190884768963,-0.9481440782546997,-0.31782838702201843,0,0.9999756217002869,0.004741727840155363,-0.005151866935193539,0,0.006391763221472502,-0.31780579686164856,0.9481343030929565,0,4.138391017913818,-7.5464301109313965,96.1412582397461,1]},{"time":0.8666666746139526,"weight":1,"matrix":[-0.00020897400099784136,-0.9481605291366577,-0.3177917003631592,0,0.9999880790710449,0.0013532040175050497,-0.0046949381940066814,0,0.004881619941443205,-0.31778889894485474,0.9481490254402161,0,4.247631072998047,-7.461512088775635,96.22434997558594,1]},{"time":0.8999999761581421,"weight":1,"matrix":[-0.0032768240198493004,-0.9481679201126099,-0.3177531063556671,0,0.9999890923500061,-0.0020397899206727743,-0.0042258501052856445,0,0.0033587210346013308,-0.3177635073661804,0.9481641054153442,0,4.358113765716553,-7.375195026397705,96.30867767333984,1]},{"time":0.9333332777023315,"weight":1,"matrix":[-0.0062965149991214275,-0.9481658935546875,-0.31771320104599,0,0.9999784231185913,-0.005383371841162443,-0.0037518730387091637,0,0.0018469690112397075,-0.31773000955581665,0.9481794238090515,0,4.468118190765381,-7.288823127746582,96.3929214477539,1]},{"time":0.966666579246521,"weight":1,"matrix":[-0.009220360778272152,-0.9481557011604309,-0.3176724910736084,0,0.9999575018882751,-0.00862502958625555,-0.0032802820205688477,0,0.00037035299465060234,-0.3176892101764679,0.9481949210166931,0,4.575904846191406,-7.2037458419799805,96.47576141357422,1]},{"time":1,"weight":1,"matrix":[-0.011998769827187061,-0.9481384754180908,-0.3176313042640686,0,0.9999275207519531,-0.011710040271282196,-0.0028182261157780886,0,-0.001047312980517745,-0.31764209270477295,0.9482101202011108,0,4.679756164550781,-7.121304035186768,96.55587768554688,1]},{"time":1.0333329439163208,"weight":1,"matrix":[-0.01458417996764183,-0.9481160044670105,-0.3175900876522064,0,0.9998908042907715,-0.01458572968840599,-0.002373158000409603,0,-0.002382159000262618,-0.31758999824523926,0.948225200176239,0,4.777935981750488,-7.042846202850342,96.6319580078125,1]},{"time":1.0666669607162476,"weight":1,"matrix":[-0.016927950084209442,-0.948090672492981,-0.3175489008426666,0,0.9998502135276794,-0.017198199406266212,-0.0019522899528965354,0,-0.003610312007367611,-0.3175343871116638,0.9482399225234985,0,4.868720054626465,-6.969717025756836,96.70271301269531,1]},{"time":1.100000023841858,"weight":1,"matrix":[-0.018982289358973503,-0.9480655193328857,-0.3175083100795746,0,0.9998087882995605,-0.019494889304041862,-0.0015628329711034894,0,-0.004708051215857267,-0.31747719645500183,0.9482542276382446,0,4.950384140014648,-6.903256893157959,96.76677703857422,1]},{"time":1.1333329677581787,"weight":1,"matrix":[-0.020698070526123047,-0.9480429887771606,-0.3174681067466736,0,0.9997698068618774,-0.02142143063247204,-0.0012121789623051882,0,-0.005651353858411312,-0.317420095205307,0.9482681751251221,0,5.021193027496338,-6.844817161560059,96.82286834716797,1]},{"time":1.1666669845581055,"weight":1,"matrix":[-0.02202760986983776,-0.9480264186859131,-0.31742870807647705,0,0.9997369050979614,-0.022925250232219696,-0.0009076300193555653,0,-0.006416617892682552,-0.3173651099205017,0.9482817053794861,0,5.079425811767578,-6.79573917388916,96.86966705322266,1]},{"time":1.2000000476837158,"weight":1,"matrix":[-0.022922029718756676,-0.9480180144309998,-0.31738999485969543,0,0.9997128844261169,-0.023952240124344826,-0.0006564559880644083,0,-0.006979823112487793,-0.31731390953063965,0.9482948780059814,0,5.123351097106934,-6.7573699951171875,96.9058609008789,1]},{"time":1.2333329916000366,"weight":1,"matrix":[-0.023259399458765984,-0.9480239152908325,-0.31734779477119446,0,0.9997028112411499,-0.02437387965619564,-0.0004582259862218052,0,-0.007300614845007658,-0.3172641098499298,0.9483091235160828,0,5.150534152984619,-6.730926036834717,96.93002319335938,1]},{"time":1.2666670083999634,"weight":1,"matrix":[-0.022998210042715073,-0.9480469226837158,-0.31729820370674133,0,0.9997082948684692,-0.02414976991713047,-0.0003040879964828491,0,-0.007374345790594816,-0.31721270084381104,0.9483258128166199,0,5.16104793548584,-6.715814113616943,96.94258117675781,1]},{"time":1.2999999523162842,"weight":1,"matrix":[-0.022212380543351173,-0.9480844140052795,-0.317242294549942,0,0.999727189540863,-0.023359060287475586,-0.00018887199985329062,0,-0.007231353782117367,-0.31715989112854004,0.9483445286750793,0,5.156925201416016,-6.710659980773926,96.94493103027344,1]},{"time":1.3333330154418945,"weight":1,"matrix":[-0.020975230261683464,-0.948133111000061,-0.3171806037425995,0,0.9997560977935791,-0.022081369534134865,-0.00010742199810920283,0,-0.006901918910443783,-0.3171055018901825,0.9483652114868164,0,5.140198230743408,-6.714091777801514,96.9384765625,1]},{"time":1.3666670322418213,"weight":1,"matrix":[-0.019360540434718132,-0.9481896758079529,-0.3171144127845764,0,0.9997919797897339,-0.02039599046111107,-0.000054478601668961346,0,-0.006416201125830412,-0.317049503326416,0.9483873248100281,0,5.112898826599121,-6.724736213684082,96.9246597290039,1]},{"time":1.399999976158142,"weight":1,"matrix":[-0.01744222082197666,-0.9482502937316895,-0.3170444965362549,0,0.9998310804367065,-0.018382659181952477,-0.000024884899175958708,0,-0.005804479122161865,-0.31699129939079285,0.94841068983078,0,5.077063083648682,-6.7412190437316895,96.90487670898438,1]},{"time":1.4333330392837524,"weight":1,"matrix":[-0.015293589793145657,-0.9483116269111633,-0.3169719874858856,0,0.9998701214790344,-0.0161205492913723,-0.00001345570035482524,0,-0.005096971057355404,-0.31693100929260254,0.9484348893165588,0,5.034719944000244,-6.76216983795166,96.88053131103516,1]},{"time":1.4666670560836792,"weight":1,"matrix":[-0.012988319620490074,-0.9483706951141357,-0.3168978989124298,0,0.9999063014984131,-0.013689160346984863,-0.000014930999896023422,0,-0.0043238988146185875,-0.316868394613266,0.9484596848487854,0,4.987905025482178,-6.7862138748168945,96.85301208496094,1]},{"time":1.5,"weight":1,"matrix":[-0.010600440204143524,-0.9484254121780396,-0.3168230950832367,0,0.9999375939369202,-0.011168120428919792,-0.000024050499632721767,0,-0.0035154810175299644,-0.31680360436439514,0.9484847187995911,0,4.938648223876953,-6.811978816986084,96.82376861572266,1]},{"time":1.5333329439163208,"weight":1,"matrix":[-0.008203268051147461,-0.948474109172821,-0.316748708486557,0,0.9999626874923706,-0.008636713027954102,-0.00003556910087354481,0,-0.0027019379194825888,-0.31673720479011536,0.9485095143318176,0,4.888982772827148,-6.838091850280762,96.794189453125,1]},{"time":1.5666669607162476,"weight":1,"matrix":[-0.005870819091796875,-0.948515772819519,-0.31667560338974,0,0.9999809265136719,-0.006174683105200529,-0.00004422659912961535,0,-0.0019134279573336244,-0.3166697919368744,0.9485338926315308,0,4.840942859649658,-6.863181114196777,96.76570129394531,1]},{"time":1.600000023841858,"weight":1,"matrix":[-0.0036766519770026207,-0.9485504031181335,-0.31660470366477966,0,0.9999926090240479,-0.00386118795722723,-0.00004467369944904931,0,-0.0011800519423559308,-0.316602498292923,0.9485576152801514,0,4.796560764312744,-6.885870933532715,96.73969268798828,1]},{"time":1.6333329677581787,"weight":1,"matrix":[-0.0016947980038821697,-0.9485787153244019,-0.3165368139743805,0,0.9999985098838806,-0.0017760989721864462,-0.00003166500027873553,0,-0.0005321649950928986,-0.31653639674186707,0.9485802054405212,0,4.757868766784668,-6.904789924621582,96.71759033203125,1]},{"time":1.6666669845581055,"weight":1,"matrix":[0.000001311300025008677,-0.9486016035079956,-0.3164728879928589,0,1,0.0000013709100130654406,1.4901199563155387e-7,0,2.980229965032777e-7,-0.3164728879928589,0.9486016035079956,0,4.726900100708008,-6.918567180633545,96.70079040527344,1]}],"targetName":"node-Bip001","target":null},{"interpolation":0,"keyframes":[{"time":0,"weight":1,"matrix":[-0.0865047499537468,-0.00017180900613311678,0.9962515234947205,0,0.9962512850761414,0.0006773539935238659,0.0865047499537468,0,-0.0006896770210005343,0.9999998211860657,0.00011257099686190486,0,0,0,0,1]},{"time":0.03333333879709244,"weight":1,"matrix":[-0.0865047499537468,-0.00017180900613311678,0.9962515234947205,0,0.9962512850761414,0.0006773539935238659,0.0865047499537468,0,-0.0006896770210005343,0.9999998211860657,0.00011257099686190486,0,0,0,0,1]},{"time":0.06666667014360428,"weight":1,"matrix":[-0.08647596091032028,-0.0013755549443885684,0.9962530732154846,0,0.9962500929832458,-0.0029438729397952557,0.08647166937589645,0,0.002813874976709485,0.9999948143959045,0.0016249410109594464,0,0,0,0,1]},{"time":0.10000000149011612,"weight":1,"matrix":[-0.08645033091306686,-0.002788841025903821,0.9962522983551025,0,0.9962326884269714,-0.007104097865521908,0.08642876148223877,0,0.006836413871496916,0.9999709129333496,0.003392517101019621,0,0,0,0,1]},{"time":0.13333329558372498,"weight":1,"matrix":[-0.0864301323890686,-0.004361807834357023,0.9962484240531921,0,0.9961943030357361,-0.01167577039450407,0.08637428283691406,0,0.011255200020968914,0.9999222755432129,0.005354343913495541,0,0,0,0,1]},{"time":0.16666670143604279,"weight":1,"matrix":[-0.08641701191663742,-0.006044328212738037,0.9962407946586609,0,0.996131420135498,-0.01653127931058407,0.08630722016096115,0,0.01594752073287964,0.9998450875282288,0.0074495067819952965,0,0,0,0,1]},{"time":0.20000000298023224,"weight":1,"matrix":[-0.08641225099563599,-0.00778645183891058,0.9962288737297058,0,0.9960424900054932,-0.021543139591813087,0.08622770756483078,0,0.02079050987958908,0.9997375011444092,0.009617269039154053,0,0,0,0,1]},{"time":0.2333333045244217,"weight":1,"matrix":[-0.08641587942838669,-0.009538233280181885,0.9962136149406433,0,0.9959287047386169,-0.026583729311823845,0.08613669127225876,0,0.02566145919263363,0.9996011257171631,0.011796649545431137,0,0,0,0,1]},{"time":0.2666667103767395,"weight":1,"matrix":[-0.08642727136611938,-0.011249540373682976,0.9961947798728943,0,0.9957932233810425,-0.03152554854750633,0.08603644371032715,0,0.03043770045042038,0.9994395971298218,0.013926859945058823,0,0,0,0,1]},{"time":0.30000001192092896,"weight":1,"matrix":[-0.0864446684718132,-0.012870489619672298,0.9961735010147095,0,0.9956417083740234,-0.03624122962355614,0.08593033999204636,0,0.03499656170606613,0.9992601275444031,0.015947280451655388,0,0,0,0,1]},{"time":0.3333333134651184,"weight":1,"matrix":[-0.08646582812070847,-0.014351059682667255,0.9961513876914978,0,0.9954826235771179,-0.0406033918261528,0.08582282066345215,0,0.03921550139784813,0.9990723729133606,0.01779704913496971,0,0,0,0,1]},{"time":0.366666704416275,"weight":1,"matrix":[-0.08648759126663208,-0.015641329810023308,0.9961302876472473,0,0.9953259229660034,-0.04448496922850609,0.0857192799448967,0,0.042972080409526825,0.9988877177238464,0.019415609538555145,0,0,0,0,1]},{"time":0.4000000059604645,"weight":1,"matrix":[-0.08650629967451096,-0.01669144071638584,0.9961115121841431,0,0.99518221616745,-0.047758929431438446,0.0856252908706665,0,0.04614400118589401,0.9987195134162903,0.020742470398545265,0,0,0,0,1]},{"time":0.43333330750465393,"weight":1,"matrix":[-0.08651816099882126,-0.017451519146561623,0.9960975050926208,0,0.9950637817382812,-0.05029838904738426,0.08554720133543015,0,0.04860913008451462,0.9985818266868591,0.02171712927520275,0,0,0,0,1]},{"time":0.46666669845581055,"weight":1,"matrix":[-0.0865197703242302,-0.017871670424938202,0.9960898160934448,0,0.9949823021888733,-0.051976319402456284,0.08549094200134277,0,0.050245221704244614,0.9984884262084961,0.022278960794210434,0,0,0,0,1]},{"time":0.5,"weight":1,"matrix":[-0.08650767058134079,-0.017902009189128876,0.9960904121398926,0,0.9949486255645752,-0.052665818482637405,0.08546202629804611,0,0.0509299598634243,0.9984517097473145,0.022367529571056366,0,0,0,0,1]},{"time":0.533333420753479,"weight":1,"matrix":[-0.08647984266281128,-0.017492590472102165,0.9961001873016357,0,0.9949709177017212,-0.052239831537008286,0.08546441048383713,0,0.05054109916090965,0.9984815120697021,0.021922340616583824,0,0,0,0,1]},{"time":0.5666667222976685,"weight":1,"matrix":[-0.08643627166748047,-0.016644349321722984,0.996118426322937,0,0.9950456023216248,-0.05074387043714523,0.08549529314041138,0,0.04912387952208519,0.9985730051994324,0.02094798907637596,0,0,0,0,1]},{"time":0.6000000238418579,"weight":1,"matrix":[-0.08638030290603638,-0.015419719740748405,0.9961429238319397,0,0.9951593279838562,-0.04837106913328171,0.08554624766111374,0,0.046865399926900864,0.9987103939056396,0.0195233803242445,0,0,0,0,1]},{"time":0.6333333253860474,"weight":1,"matrix":[-0.08631622046232224,-0.013861170038580894,0.9961711764335632,0,0.9953019022941589,-0.04521571844816208,0.08561176061630249,0,0.043855901807546616,0.9988811016082764,0.01769893988966942,0,0,0,0,1]},{"time":0.6666666865348816,"weight":1,"matrix":[-0.08624868839979172,-0.012011219747364521,0.9962012767791748,0,0.9954628944396973,-0.041371818631887436,0.08568596094846725,0,0.040185511112213135,0.9990717172622681,0.015524979680776596,0,0,0,0,1]},{"time":0.699999988079071,"weight":1,"matrix":[-0.08618228882551193,-0.009912252426147461,0.9962300062179565,0,0.9956308007240295,-0.03693366050720215,0.08576297014951706,0,0.03594427928328514,0.9992687106132507,0.013051980175077915,0,0,0,0,1]},{"time":0.7333332896232605,"weight":1,"matrix":[-0.0861213207244873,-0.00760680390521884,0.9962555766105652,0,0.9957953095436096,-0.03199540823698044,0.0858372375369072,0,0.031222639605402946,0.9994590282440186,0.010330310091376305,0,0,0,0,1]},{"time":0.7666667103767395,"weight":1,"matrix":[-0.08606957644224167,-0.005137503147125244,0.9962759017944336,0,0.9959468841552734,-0.02665155939757824,0.08590369671583176,0,0.026110999286174774,0.9996315240859985,0.007410584948956966,0,0,0,0,1]},{"time":0.800000011920929,"weight":1,"matrix":[-0.08603035658597946,-0.0025470249820500612,0.9962893128395081,0,0.9960774779319763,-0.020996740087866783,0.08595836162567139,0,0.020699910819530487,0.999776303768158,0.0043433899991214275,0,0,0,0,1]},{"time":0.8333333134651184,"weight":1,"matrix":[-0.08600585907697678,0.00012202299694763497,0.9962944984436035,0,0.9961804151535034,-0.015125390142202377,0.08599787205457687,0,0.01507985033094883,0.999885618686676,0.001179276965558529,0,0,0,0,1]},{"time":0.8666666746139526,"weight":1,"matrix":[-0.08599776029586792,0.0028269290924072266,0.9962912797927856,0,0.9962515234947205,-0.00913238525390625,0.08602023124694824,0,0.009341715835034847,0.9999542832374573,-0.002030967967584729,0,0,0,0,1]},{"time":0.8999999761581421,"weight":1,"matrix":[-0.0860065221786499,0.005524932872503996,0.9962791800498962,0,0.9962881803512573,-0.003112554084509611,0.08602458238601685,0,0.0035762779880315065,0.9999799132347107,-0.005236684810370207,0,0,0,0,1]},{"time":0.9333332777023315,"weight":1,"matrix":[-0.08603160828351974,0.00817334558814764,0.9962589740753174,0,0.9962903261184692,0.002839206950739026,0.08601111173629761,0,-0.0021255610045045614,0.9999626278877258,-0.008387266658246517,0,0,0,0,1]},{"time":0.966666579246521,"weight":1,"matrix":[-0.08607184141874313,0.010729310102760792,0.9962310791015625,0,0.9962593913078308,0.00862807035446167,0.08598136156797409,0,-0.007673025131225586,0.9999052286148071,-0.011431810446083546,0,0,0,0,1]},{"time":1,"weight":1,"matrix":[-0.08612477034330368,0.013150329701602459,0.996197521686554,0,0.9962000250816345,0.014159380458295345,0.08593808859586716,0,-0.012975390069186687,0.9998133182525635,-0.014319829642772675,0,0,0,0,1]},{"time":1.0333329439163208,"weight":1,"matrix":[-0.08618724346160889,0.015393730252981186,0.9961599707603455,0,0.9961174130439758,0.019338300451636314,0.08588474243879318,0,-0.017941949889063835,0.9996944069862366,-0.017000729218125343,0,0,0,0,1]},{"time":1.0666669607162476,"weight":1,"matrix":[-0.08625549077987671,0.017416950315237045,0.9961206912994385,0,0.9960193037986755,0.024070199579000473,0.08582592010498047,0,-0.02248203009366989,0.9995585083961487,-0.019423840567469597,0,0,0,0,1]},{"time":1.100000023841858,"weight":1,"matrix":[-0.08632545918226242,0.019177429378032684,0.9960824251174927,0,0.9959145188331604,0.028260640799999237,0.0857667326927185,0,-0.02650517039000988,0.999416708946228,-0.021538669243454933,0,0,0,0,1]},{"time":1.1333329677581787,"weight":1,"matrix":[-0.08639215677976608,0.02063274011015892,0.9960473775863647,0,0.9958118200302124,0.031815171241760254,0.08571267127990723,0,-0.029920930042862892,0.9992808103561401,-0.023294860497117043,0,0,0,0,1]},{"time":1.1666669845581055,"weight":1,"matrix":[-0.08645117282867432,0.021740490570664406,0.9960188269615173,0,0.9957213997840881,0.03463952988386154,0.08566933125257492,0,-0.03263913840055466,0.9991635084152222,-0.0246421005576849,0,0,0,0,1]},{"time":1.2000000476837158,"weight":1,"matrix":[-0.08649808168411255,0.022458190098404884,0.9959989786148071,0,0.9956521987915039,0.03663932904601097,0.08564180135726929,0,-0.034569378942251205,0.9990761876106262,-0.025529799982905388,0,0,0,0,1]},{"time":1.2333329916000366,"weight":1,"matrix":[-0.08652836084365845,0.022666990756988525,0.9959917068481445,0,0.99561607837677,0.03761612996459007,0.08563970774412155,0,-0.035524118691682816,0.9990352988243103,-0.025822460651397705,0,0,0,0,1]},{"time":1.2666670083999634,"weight":1,"matrix":[-0.08654128760099411,0.022321639582514763,0.995998203754425,0,0.9956169724464417,0.037521831691265106,0.08566725254058838,0,-0.035459451377391815,0.9990465044975281,-0.025470970198512077,0,0,0,0,1]},{"time":1.2999999523162842,"weight":1,"matrix":[-0.08653943985700607,0.021490629762411118,0.9960166215896606,0,0.9956508278846741,0.03648817166686058,0.08572036027908325,0,-0.03450065106153488,0.9991030097007751,-0.024554839357733727,0,0,0,0,1]},{"time":1.3333330154418945,"weight":1,"matrix":[-0.08652645349502563,0.020242150872945786,0.9960439801216125,0,0.9957106113433838,0.034646209329366684,0.08579336851835251,0,-0.03277254104614258,0.9991946816444397,-0.023153120651841164,0,0,0,0,1]},{"time":1.3666670322418213,"weight":1,"matrix":[-0.08650659769773483,0.018644509837031364,0.9960768222808838,0,0.9957873225212097,0.032127320766448975,0.0858801007270813,0,-0.030400089919567108,0.999309778213501,-0.021345190703868866,0,0,0,0,1]},{"time":1.399999976158142,"weight":1,"matrix":[-0.08648406714200974,0.016766009852290154,0.9961122274398804,0,0.9958733916282654,0.029062680900096893,0.08597426861524582,0,-0.027508249506354332,0.9994369149208069,-0.019210269674658775,0,0,0,0,1]},{"time":1.4333330392837524,"weight":1,"matrix":[-0.08646302670240402,0.014674900099635124,0.9961469769477844,0,0.9959604740142822,0.025583680719137192,0.08606994152069092,0,-0.024222010746598244,0.9995650053024292,-0.016827639192342758,0,0,0,0,1]},{"time":1.4666670560836792,"weight":1,"matrix":[-0.08644645661115646,0.012439539656043053,0.9961788058280945,0,0.9960420727729797,0.021821729838848114,0.08616209030151367,0,-0.02066653035581112,0.9996845126152039,-0.01427667960524559,0,0,0,0,1]},{"time":1.5,"weight":1,"matrix":[-0.0864369198679924,0.01012825034558773,0.9962059259414673,0,0.9961130023002625,0.01790839061141014,0.0862467810511589,0,-0.016966870054602623,0.9997884035110474,-0.01163685042411089,0,0,0,0,1]},{"time":1.5333329439163208,"weight":1,"matrix":[-0.08643560856580734,0.0078095789067447186,0.9962267875671387,0,0.9961693286895752,0.013975200243294239,0.08632110804319382,0,-0.013248319737613201,0.9998719096183777,-0.008987604640424252,0,0,0,0,1]},{"time":1.5666669607162476,"weight":1,"matrix":[-0.08644299954175949,0.005551754962652922,0.9962413907051086,0,0.9962102770805359,0.010153709910809994,0.08638375252485275,0,-0.00963592529296875,0.9999331831932068,-0.006408392917364836,0,0,0,0,1]},{"time":1.600000023841858,"weight":1,"matrix":[-0.08645825833082199,0.0034233329351991415,0.9962496161460876,0,0.9962359070777893,0.006575821898877621,0.08643448352813721,0,-0.0062552690505981445,0.9999725818634033,-0.003978967200964689,0,0,0,0,1]},{"time":1.6333329677581787,"weight":1,"matrix":[-0.08647959679365158,0.0014926790026947856,0.9962524771690369,0,0.9962484240531921,0.0033731460571289062,0.0864742323756218,0,-0.0032314059790223837,0.9999932050704956,-0.0017787809483706951,0,0,0,0,1]},{"time":1.6666669845581055,"weight":1,"matrix":[-0.0865047499537468,-0.00017180900613311678,0.9962515234947205,0,0.9962512850761414,0.0006773539935238659,0.0865047499537468,0,-0.0006896770210005343,0.9999998211860657,0.00011257099686190486,0,0,0,0,1]}],"targetName":"node-Bip001_Pelvis","target":null},{"interpolation":0,"keyframes":[{"time":0,"weight":1,"matrix":[0.9815533757209778,-0.18180440366268158,-0.05916028842329979,0,0.17233310639858246,0.9753242135047913,-0.13799990713596344,0,0.08278948068618774,0.1252588927745819,0.988663911819458,0,10.867400169372559,0.9299994111061096,0.003185749053955078,1]},{"time":0.03333333879709244,"weight":1,"matrix":[0.9815533757209778,-0.18180440366268158,-0.05916028842329979,0,0.17233319580554962,0.9753242135047913,-0.13799990713596344,0,0.08278948068618774,0.1252588927745819,0.988663911819458,0,10.867400169372559,0.9300003051757812,0.0031862249597907066,1]},{"time":0.06666667014360428,"weight":1,"matrix":[0.9816203117370605,-0.18160860240459442,-0.058648161590099335,0,0.17252209782600403,0.9758281111717224,-0.1341477930545807,0,0.08159290999174118,0.1215640977025032,0.9892243146896362,0,10.867420196533203,0.9296321868896484,0.019632810726761818,1]},{"time":0.10000000149011612,"weight":1,"matrix":[0.9816973805427551,-0.18139030039310455,-0.05803000181913376,0,0.17274150252342224,0.9763882756233215,-0.12971679866313934,0,0.08018916100263596,0.11731839925050735,0.9898514747619629,0,10.867409706115723,0.9291563034057617,0.038855068385601044,1]},{"time":0.13333329558372498,"weight":1,"matrix":[0.9817820191383362,-0.1811559945344925,-0.057330839335918427,0,0.17297999560832977,0.9769814014434814,-0.1248420998454094,0,0.07862704247236252,0.11265060305595398,0.9905189275741577,0,10.86736011505127,0.9285554885864258,0.06019163131713867,1]},{"time":0.16666670143604279,"weight":1,"matrix":[0.981870710849762,-0.18091240525245667,-0.05657564848661423,0,0.17322809994220734,0.9775857925415039,-0.11965969949960709,0,0.07695548981428146,0.10768990218639374,0.9912018179893494,0,10.867270469665527,0.9278134703636169,0.08297871798276901,1]},{"time":0.20000000298023224,"weight":1,"matrix":[0.9819613099098206,-0.18066540360450745,-0.05578963831067085,0,0.17347590625286102,0.978182315826416,-0.11430589854717255,0,0.07522355765104294,0.10256580263376236,0.9918779730796814,0,10.86713981628418,0.9269390106201172,0.10655300319194794,1]},{"time":0.2333333045244217,"weight":1,"matrix":[0.9820507168769836,-0.18042080104351044,-0.054998211562633514,0,0.17371539771556854,0.9787542223930359,-0.10891740024089813,0,0.07348065823316574,0.09740834683179855,0.9925282001495361,0,10.86697006225586,0.9259366989135742,0.13025610148906708,1]},{"time":0.2666667103767395,"weight":1,"matrix":[0.9821372032165527,-0.1801837980747223,-0.054226748645305634,0,0.17393940687179565,0.9792882800102234,-0.1036309003829956,0,0.07177627086639404,0.09234762191772461,0.9931365251541138,0,10.86674976348877,0.924835205078125,0.15342369675636292,1]},{"time":0.30000001192092896,"weight":1,"matrix":[0.9822182059288025,-0.17995910346508026,-0.05350089073181152,0,0.17414140701293945,0.9797735214233398,-0.09858386963605881,0,0.07015985250473022,0.08751410245895386,0.9936895966529846,0,10.866530418395996,0.9236689209938049,0.17539620399475098,1]},{"time":0.3333333134651184,"weight":1,"matrix":[0.9822916984558105,-0.1797512024641037,-0.052846308797597885,0,0.17431609332561493,0.9802011251449585,-0.09391391277313232,0,0.06868112087249756,0.08303885906934738,0.9941768050193787,0,10.866290092468262,0.9224892258644104,0.19551150500774384,1]},{"time":0.366666704416275,"weight":1,"matrix":[0.9823557138442993,-0.17956410348415375,-0.052288711071014404,0,0.17445909976959229,0.9805650115013123,-0.08975856751203537,0,0.06738989800214767,0.07905261963605881,0.9945901036262512,0,10.866049766540527,0.9213553071022034,0.21311329305171967,1]},{"time":0.4000000059604645,"weight":1,"matrix":[0.9824084043502808,-0.17940180003643036,-0.05185389146208763,0,0.17456629872322083,0.9808601140975952,-0.08625584095716476,0,0.06633590906858444,0.0756865069270134,0.9949225783348083,0,10.865830421447754,0.9203271865844727,0.22754019498825073,1]},{"time":0.43333330750465393,"weight":1,"matrix":[0.9824479818344116,-0.1792677938938141,-0.051567789167165756,0,0.17463360726833344,0.9810829162597656,-0.08354347199201584,0,0.06556891649961472,0.07307159155607224,0.9951689839363098,0,10.865690231323242,0.919471800327301,0.23813550174236298,1]},{"time":0.46666669845581055,"weight":1,"matrix":[0.98247230052948,-0.1791663020849228,-0.051456268876791,0,0.17465749382972717,0.9812290072441101,-0.08175914734601974,0,0.06513886898756027,0.07133889198303223,0.9953228831291199,0,10.865599632263184,0.9188566207885742,0.24424070119857788,1]},{"time":0.5,"weight":1,"matrix":[0.9824792742729187,-0.17910119891166687,-0.05154502019286156,0,0.1746332049369812,0.9812927842140198,-0.08104056119918823,0,0.06509523838758469,0.07061915844678879,0.9953771233558655,0,10.865610122680664,0.9185400009155273,0.24519699811935425,1]},{"time":0.533333420753479,"weight":1,"matrix":[0.9824671745300293,-0.1790774017572403,-0.05186009034514427,0,0.17455530166625977,0.9812664985656738,-0.08152502030134201,0,0.06548786163330078,0.07104319334030151,0.9953210949897766,0,10.86571979522705,0.9185677170753479,0.24034589529037476,1]},{"time":0.5666667222976685,"weight":1,"matrix":[0.9824358224868774,-0.17909079790115356,-0.05240749940276146,0,0.17442019283771515,0.9811524152755737,-0.08317112177610397,0,0.0663149282336235,0.07256931066513062,0.9951562285423279,0,10.865920066833496,0.9189043045043945,0.22973890602588654,1]},{"time":0.6000000238418579,"weight":1,"matrix":[0.9823873043060303,-0.17913410067558289,-0.05316060036420822,0,0.17423249781131744,0.9809616208076477,-0.0857762023806572,0,0.06751394271850586,0.07500313967466354,0.9948952198028564,0,10.866180419921875,0.9194632172584534,0.21423259377479553,1]},{"time":0.6333333253860474,"weight":1,"matrix":[0.9823232293128967,-0.17920580506324768,-0.0540953204035759,0,0.17399470508098602,0.9806951284408569,-0.08923517912626266,0,0.06904249638319016,0.07824552059173584,0.9945403933525085,0,10.866499900817871,0.9201831817626953,0.19437499344348907,1]},{"time":0.6666666865348816,"weight":1,"matrix":[0.9822443723678589,-0.17930500209331512,-0.05518757924437523,0,0.1737097054719925,0.9803537130355835,-0.09344290941953659,0,0.07085812091827393,0.08219712227582932,0.9940940141677856,0,10.866829872131348,0.9209957122802734,0.17071549594402313,1]},{"time":0.699999988079071,"weight":1,"matrix":[0.9821519255638123,-0.1794310063123703,-0.05641328915953636,0,0.17338070273399353,0.9799376130104065,-0.09829401224851608,0,0.07291852682828903,0.08675867319107056,0.9935572147369385,0,10.86715030670166,0.921844482421875,0.14380189776420593,1]},{"time":0.7333332896232605,"weight":1,"matrix