{"asset":{"unit":{"name":"meter","meter":1},"upAxis":"Y_UP","title":null,"subject":null,"created":"Thu Aug 01 2013 13:28:12 GMT+0400 (Московское время (зима))","modified":"Thu Aug 01 2013 13:28:12 GMT+0400 (Московское время (зима))","contributor":{"author":null,"authoringTool":"Akra Engine exporter;Version 0.0.1;Browser Chrome, 30.0.1582.0 (Windows)","comments":null,"copyright":null,"sourceData":null},"keywords":null},"library":[{"type":2,"animations":[1924,1936,1946,1976,2013],"options":0,"name":"gun_fire","guid":1908},{"name":"gun_fire_frw.DAE","targets":[{"name":"node-Bip001","target":null},{"name":"node-Bip001_Spine","target":null},{"name":"node-Bip001_Spine1","target":null},{"name":"node-Bip001_Spine2","target":null},{"name":"node-Bip001_Neck","target":null},{"name":"node-Bip001_Head","target":null},{"name":"node-Bone023","target":null},{"name":"node-Bone024","target":null},{"name":"node-Bone025","target":null},{"name":"node-Bone026","target":null},{"name":"node-Bone027","target":null},{"name":"node-Bone029","target":null},{"name":"node-Bone030","target":null},{"name":"node-Bone_hair02","target":null},{"name":"node-Bone_hair03","target":null},{"name":"node-Bip001_L_Clavicle","target":null},{"name":"node-Bip001_L_UpperArm","target":null},{"name":"node-Bip001_L_Forearm","target":null},{"name":"node-Bip001_L_Hand","target":null},{"name":"node-Bip001_L_Finger1","target":null},{"name":"node-Bip001_L_Finger11","target":null},{"name":"node-Bip001_L_Finger12","target":null},{"name":"node-Bip001_L_Finger2","target":null},{"name":"node-Bip001_L_Finger21","target":null},{"name":"node-Bip001_L_Finger22","target":null},{"name":"node-Bip001_L_Finger3","target":null},{"name":"node-Bip001_L_Finger31","target":null},{"name":"node-Bip001_L_Finger32","target":null},{"name":"node-Bip001_L_Finger4","target":null},{"name":"node-Bip001_L_Finger41","target":null},{"name":"node-Bip001_L_Finger42","target":null},{"name":"node-Bip001_L_ForeTwist","target":null},{"name":"node-Bip001_L_ForeTwist1","target":null},{"name":"node-Bip001_LUpArmTwist","target":null},{"name":"node-Bip001_R_Clavicle","target":null},{"name":"node-Bip001_R_UpperArm","target":null},{"name":"node-Bip001_R_Forearm","target":null},{"name":"node-Bip001_R_Hand","target":null},{"name":"node-Bip001_R_Finger0","target":null},{"name":"node-Bip001_R_Finger01","target":null},{"name":"node-Bip001_R_Finger1","target":null},{"name":"node-Bip001_R_Finger11","target":null},{"name":"node-Bip001_R_Finger12","target":null},{"name":"node-Bip001_R_Finger2","target":null},{"name":"node-Bip001_R_Finger22","target":null},{"name":"node-Bip001_R_Finger3","target":null},{"name":"node-Bip001_R_Finger31","target":null},{"name":"node-Bip001_R_Finger32","target":null},{"name":"node-Bip001_R_Finger4","target":null},{"name":"node-Bip001_R_Finger41","target":null},{"name":"node-Bip001_R_Finger42","target":null},{"name":"node-pistol_in_r_hand","target":null},{"name":"node-Bip001_R_ForeTwist","target":null},{"name":"node-Bip001_R_ForeTwist1","target":null},{"name":"node-Bip001_RUpArmTwist","target":null},{"name":"node-Bone_backpack","target":null},{"name":"node-Bone010","target":null},{"name":"node-Bone011","target":null},{"name":"node-Bone012","target":null},{"name":"node-Bone013","target":null},{"name":"node-Bone_knife","target":null},{"name":"node-Bip001_L_Thigh","target":null},{"name":"node-Bip001_L_Calf","target":null},{"name":"node-Bip001_L_Foot","target":null},{"name":"node-Bip001_LCalfTwist","target":null},{"name":"node-Bip001_LCalfTwist1","target":null},{"name":"node-Bip001_R_Thigh","target":null},{"name":"node-Bip001_R_Calf","target":null},{"name":"node-Bip001_R_Foot","target":null},{"name":"node-Bip001_R_Toe0","target":null},{"name":"node-Bip001_RCalfTwist","target":null},{"name":"node-Bip001_RCalfTwist1","target":null},{"name":"node-Bip001_LThighTwist","target":null},{"name":"node-Bip001_RThighTwist","target":null},{"name":"node-Bip001_RUpArmTwist1","target":null},{"name":"node-Bip001_R_Finger21","target":null},{"name":"node-Bip001_R_Finger02","target":null},{"name":"node-Bip001_LUpArmTwist1","target":null},{"name":"node-Bip001_L_Finger0","target":null},{"name":"node-Bip001_L_Finger01","target":null},{"name":"node-Bip001_L_Finger02","target":null},{"name":"node-Bone_hair01","target":null},{"name":"node-Bone028","target":null},{"name":"node-Bone022","target":null},{"name":"node-Bone_lip_r","target":null},{"name":"node-Bone_lip_u","target":null},{"name":"node-Bone_lip_l","target":null},{"name":"node-Bone0_eyeL_liddown","target":null},{"name":"node-Bone0_eyeL","target":null},{"name":"node-Bone0_eyeL_lidup","target":null},{"name":"node-Bone_eyeR_liddown","target":null},{"name":"node-Bone_eyeR","target":null},{"name":"node-Bone_eyeR_lidup","target":null},{"name":"node-Bone_brow","target":null},{"name":"node-Bone_nose","target":null},{"name":"node-Bone_jaw","target":null},{"name":"node-Bone_lip_d","target":null},{"name":"node-Bip001_RThighTwist1","target":null},{"name":"node-Bip001_LThighTwist1","target":null},{"name":"node-Bone_holsterR","target":null},{"name":"node-Dummy01","target":null},{"name":"node-Object025","target":null},{"name":"node-Bone_holsterL","target":null},{"name":"node-Bip001_L_Toe0","target":null},{"name":"node-Bone_knifes","target":null},{"name":"node-Bone006","target":null},{"name":"node-Dummy05","target":null},{"name":"node-Dummy02","target":null},{"name":"node-Dummy03","target":null},{"name":"node-Mesh001","target":null},{"name":"node-Dummy04","target":null},{"name":"node-Mesh003","target":null},{"name":"node-Mesh002","target":null},{"name":"node-Bone009","target":null},{"name":"node-Bip001_Pelvis","target":null}],"type":3,"extra":{"graph":{"x":1,"y":80}},"tracks":[{"interpolation":0,"keyframes":[{"time":0,"weight":1,"matrix":[0.0000011920900533368695,-0.9486017227172852,-0.3164728879928589,0,1,0.000001251700041393633,1.4901199563155387e-7,0,2.831220058396866e-7,-0.3164728879928589,0.9486016035079956,0,4.726900100708008,-6.918567180633545,96.70079040527344,1]},{"time":0.03333333879709244,"weight":1,"matrix":[-0.00005495550067280419,-0.9486529231071472,-0.3163191080093384,0,1,-0.000051975199312437326,-0.000017702599507174455,0,3.278260010119993e-7,-0.3163191080093384,0.9486529231071472,0,4.612736225128174,-7.078732013702393,96.69346618652344,1]},{"time":0.06666667014360428,"weight":1,"matrix":[-0.00011527499736985192,-0.948783814907074,-0.31592610478401184,0,1,-0.00010919600026682019,-0.00003685060073621571,0,4.6193599700927734e-7,-0.31592610478401184,0.948783814907074,0,4.480926990509033,-7.267419815063477,96.67881774902344,1]},{"time":0.10000000149011612,"weight":1,"matrix":[-0.00017845600086729974,-0.9489601254463196,-0.31539639830589294,0,1,-0.00016915799642447382,-0.00005686279837391339,0,6.556509788424592e-7,-0.31539639830589294,0.94896000623703,0,4.345876216888428,-7.458302974700928,96.66783142089844,1]},{"time":0.13333329558372498,"weight":1,"matrix":[-0.0002429489977657795,-0.9491472244262695,-0.3148323893547058,0,1,-0.0002303119981661439,-0.00007738170097582042,0,9.238719940185547e-7,-0.31483250856399536,0.9491472840309143,0,4.221982002258301,-7.625051021575928,96.67150115966797,1]},{"time":0.16666670143604279,"weight":1,"matrix":[-0.00030779800727032125,-0.9493116140365601,-0.3143366873264313,0,1,-0.000291823991574347,-0.00009787079761736095,0,0.0000011920900533368695,-0.3143366873264313,0.9493116140365601,0,4.123645782470703,-7.741334915161133,96.70079040527344,1]},{"time":0.20000000298023224,"weight":1,"matrix":[-0.0003715750062838197,-0.9494190216064453,-0.31401190161705017,0,1,-0.00035226301406510174,-0.00011798700143117458,0,0.0000014156099723550142,-0.31401190161705017,0.9494190812110901,0,4.064723014831543,-7.820621967315674,96.78089904785156,1]},{"time":0.2333333045244217,"weight":1,"matrix":[-0.0004329679941292852,-0.9494358897209167,-0.3139604926109314,0,0.9999998211860657,-0.0004105569969397038,-0.0001373590057482943,0,0.0000014901199847372482,-0.31396061182022095,0.9494360089302063,0,4.035613059997559,-7.88046407699585,96.90450286865234,1]},{"time":0.2666667103767395,"weight":1,"matrix":[-0.0004907849943265319,-0.9493284225463867,-0.3142853081226349,0,0.9999998211860657,-0.00046551201376132667,-0.00015559799794573337,0,0.0000014007099480295437,-0.31428539752960205,0.949328601360321,0,4.01553201675415,-7.900662899017334,97.03382873535156,1]},{"time":0.30000001192092896,"weight":1,"matrix":[-0.0005437139770947397,-0.9490619897842407,-0.31508868932724,0,0.9999998211860657,-0.0005156989791430533,-0.00017227200441993773,0,9.983780273614684e-7,-0.31508880853652954,0.9490622282028198,0,3.9836978912353516,-7.861019134521484,97.13111877441406,1]},{"time":0.3333333134651184,"weight":1,"matrix":[-0.0005904440185986459,-0.948601484298706,-0.3164727985858917,0,0.9999998807907104,-0.0005600450094789267,-0.0001870989945018664,0,2.682209867543861e-7,-0.3164727985858917,0.9486016035079956,0,3.9193289279937744,-7.741334915161133,97.15863037109375,1]},{"time":0.366666704416275,"weight":1,"matrix":[-0.0005810260190628469,-0.9446619749069214,-0.3280450999736786,0,0.9999998807907104,-0.0005509849870577455,-0.00018461000581737608,0,-0.000006347890121105593,-0.32804518938064575,0.9446619749069214,0,3.697427988052368,-7.14224100112915,96.90061950683594,1]},{"time":0.4000000059604645,"weight":1,"matrix":[-0.000517248990945518,-0.9415416121482849,-0.336896687746048,0,0.9999998807907104,-0.0004906650283373892,-0.00016397199942730367,0,-0.000010907700016105082,-0.336896687746048,0.9415416121482849,0,3.5106940269470215,-6.57627010345459,96.56099700927734,1]},{"time":0.43333330750465393,"weight":1,"matrix":[-0.00043869001092389226,-0.945238471031189,-0.32638019323349,0,1,-0.000416397990193218,-0.00013790999946650118,0,-0.000005543230145121925,-0.32638031244277954,0.9452385902404785,0,3.538067102432251,-6.684563159942627,96.39997100830078,1]},{"time":0.46666669845581055,"weight":1,"matrix":[-0.00034701800905168056,-0.9508585929870605,-0.3096249997615814,0,0.9999998807907104,-0.00032949401065707207,-0.00010897200263570994,0,0.0000015944200413287035,-0.3096249997615814,0.9508587718009949,0,3.648587942123413,-7.007226943969727,96.29032135009766,1]},{"time":0.5,"weight":1,"matrix":[-0.0002652409893926233,-0.9545581936836243,-0.2980245053768158,0,1,-0.00025153200840577483,-0.00008423630060860887,0,0.0000054389201977755874,-0.2980245053768158,0.9545581936836243,0,3.8331758975982666,-7.240365982055664,96.24263000488281,1]},{"time":0.533333420753479,"weight":1,"matrix":[-0.00020134399528615177,-0.9548348784446716,-0.2971366047859192,0,1,-0.0001906160032376647,-0.00006487969949375838,0,0.000005319709998730104,-0.2971366047859192,0.9548349976539612,0,4.153653144836426,-7.254260063171387,96.28185272216797,1]},{"time":0.5666667222976685,"weight":1,"matrix":[-0.00014686600479763,-0.9534680247306824,-0.30149391293525696,0,1,-0.0001388789969496429,-0.00004790720049641095,0,0.000003799799969783635,-0.30149391293525696,0.9534680843353271,0,4.54819393157959,-7.178627014160156,96.3830337524414,1]},{"time":0.6000000238418579,"weight":1,"matrix":[-0.00009953980043064803,-0.9519984722137451,-0.30610281229019165,0,1,-0.00009405610035173595,-0.00003285710045020096,0,0.000002488490054020076,-0.30610281229019165,0.9519984722137451,0,4.822246074676514,-7.098717212677002,96.48194122314453,1]},{"time":0.6333333253860474,"weight":1,"matrix":[-0.00005686279837391339,-0.950791597366333,-0.30983099341392517,0,1,-0.0000536441984877456,-0.00001913310006784741,0,0.000001579520017003233,-0.30983099341392517,0.9507917165756226,0,4.86675500869751,-7.033894062042236,96.56566619873047,1]},{"time":0.6666666865348816,"weight":1,"matrix":[-0.000021457699403981678,-0.9494853019714355,-0.3138118088245392,0,1,-0.00002014640085690189,-0.000007450580142176477,0,7.45058002848964e-7,-0.3138118088245392,0.949485182762146,0,4.790773868560791,-6.9647908210754395,96.64713287353516,1]},{"time":0.699999988079071,"weight":1,"matrix":[0.0000011920900533368695,-0.9486017227172852,-0.3164728879928589,0,1,0.000001251700041393633,1.4901199563155387e-7,0,2.831220058396866e-7,-0.3164728879928589,0.9486016035079956,0,4.726900100708008,-6.918567180633545,96.70079040527344,1]},{"time":0.7333332896232605,"weight":1,"matrix":[0.000009298320037487429,-0.9483237862586975,-0.3173046112060547,0,1,0.0000088810902525438,0.000002816319920384558,0,1.6391300050599966e-7,-0.3173046112060547,0.9483237266540527,0,4.719239234924316,-6.90408992767334,96.7183837890625,1]},{"time":0.7666667103767395,"weight":1,"matrix":[0.00000840425036585657,-0.9483547210693359,-0.31721219420433044,0,1,0.00000804662977316184,0.0000025331999040645314,0,1.6391300050599966e-7,-0.31721219420433044,0.9483546018600464,0,4.720089912414551,-6.905698776245117,96.7164306640625,1]},{"time":0.800000011920929,"weight":1,"matrix":[0.0000040531199374527205,-0.9485089182853699,-0.31675010919570923,0,1,0.000003874300091410987,0.000001043080033014121,0,2.3841900542720396e-7,-0.31675010919570923,0.9485089778900146,0,4.724346160888672,-6.913741111755371,96.70664978027344,1]},{"time":0.8333333134651184,"weight":1,"matrix":[0.0000011920900533368695,-0.9486017227172852,-0.3164728879928589,0,1,0.000001251700041393633,1.4901199563155387e-7,0,2.831220058396866e-7,-0.3164728879928589,0.9486016035079956,0,4.726900100708008,-6.918567180633545,96.70079040527344,1]}],"targetName":"node-Bip001","target":null},{"interpolation":0,"keyframes":[{"time":0,"weight":1,"matrix":[0.9663808941841125,-0.2524133026599884,-0.04894417151808739,0,0.2434213012456894,0.9594777822494507,-0.1419450044631958,0,0.08278965204954147,0.12525880336761475,0.9886637926101685,0,10.866390228271484,0.9302272796630859,0.0032420149073004723,1]},{"time":0.03333333879709244,"weight":1,"matrix":[0.9664657711982727,-0.2522939145565033,-0.047872960567474365,0,0.2435425966978073,0.9596347212791443,-0.1406719982624054,0,0.08143126219511032,0.12429559975862503,0.9888980984687805,0,10.866390228271484,0.9302253723144531,0.0032248490024358034,1]},{"time":0.06666667014360428,"weight":1,"matrix":[0.966566801071167,-0.2521488070487976,-0.04658107832074165,0,0.24367080628871918,0.9598020911216736,-0.1393004059791565,0,0.07983309030532837,0.1232926994562149,0.9891541004180908,0,10.866390228271484,0.9302225112915039,0.003204345004633069,1]},{"time":0.10000000149011612,"weight":1,"matrix":[0.9666649103164673,-0.25200700759887695,-0.04529279097914696,0,0.24380619823932648,0.959979772567749,-0.1378307044506073,0,0.07821445912122726,0.12219350039958954,0.98941969871521,0,10.866390228271484,0.9302197098731995,0.0031838410068303347,1]},{"time":0.13333329558372498,"weight":1,"matrix":[0.9667426943778992,-0.25189751386642456,-0.044232361018657684,0,0.2439495027065277,0.9601671099662781,-0.136263906955719,0,0.07679498195648193,0.12094160169363022,0.9896847009658813,0,10.866390228271484,0.9302167892456055,0.0031614298932254314,1]},{"time":0.16666670143604279,"weight":1,"matrix":[0.966782808303833,-0.2518492043018341,-0.04362421855330467,0,0.2441031038761139,0.9603626728057861,-0.13460080325603485,0,0.07579421252012253,0.11948099732398987,0.9899390935897827,0,10.866390228271484,0.9302148818969727,0.003137588035315275,1]},{"time":0.20000000298023224,"weight":1,"matrix":[0.9667794108390808,-0.2518666982650757,-0.04359786957502365,0,0.24438689649105072,0.9607688784599304,-0.1311413049697876,0,0.07491766661405563,0.11612989753484726,0.9904046058654785,0,10.866379737854004,0.9302082061767578,0.0030889511108398438,1]},{"time":0.2333333045244217,"weight":1,"matrix":[0.9667447805404663,-0.2519291043281555,-0.04400401934981346,0,0.24479800462722778,0.9613676071166992,-0.12588219344615936,0,0.07401745766401291,0.1109239012002945,0.9910688996315002,0,10.86637020111084,0.9301987290382385,0.003014564048498869,1]},{"time":0.2666667103767395,"weight":1,"matrix":[0.9666901230812073,-0.25202539563179016,-0.04464918002486229,0,0.24515889585018158,0.9618551135063171,-0.12137459963560104,0,0.07353556156158447,0.1063854992389679,0.9916020035743713,0,10.86637020111084,0.9301930069923401,0.002950668102130294,1]},{"time":0.30000001192092896,"weight":1,"matrix":[0.9666255712509155,-0.2521493136882782,-0.04533921927213669,0,0.24529820680618286,0.9619702100753784,-0.12017440050840378,0,0.07391685247421265,0.10504200309515,0.9917168021202087,0,10.86635971069336,0.9301919937133789,0.0029335019644349813,1]},{"time":0.3333333134651184,"weight":1,"matrix":[0.9665611982345581,-0.25229859352111816,-0.04587918147444725,0,0.24503709375858307,0.9614431262016296,-0.12483569979667664,0,0.0756061002612114,0.10941930115222931,0.9911161065101624,0,10.86637020111084,0.9302005767822266,0.002999067073687911,1]},{"time":0.366666704416275,"weight":1,"matrix":[0.9664322137832642,-0.25271540880203247,-0.04629945009946823,0,0.24259939789772034,0.9569457769393921,-0.15937469899654388,0,0.08458250015974045,0.1427927017211914,0.986132025718689,0,10.866390228271484,0.9302616119384766,0.003489494090899825,1]},{"time":0.4000000059604645,"weight":1,"matrix":[0.9663500189781189,-0.2530125081539154,-0.046393148601055145,0,0.2398097962141037,0.9513741731643677,-0.19333480298519135,0,0.09305340051651001,0.1757034957408905,0.9800354242324829,0,10.866450309753418,0.9303417205810547,0.00397181510925293,1]},{"time":0.43333330750465393,"weight":1,"matrix":[0.966465413570404,-0.2526797950267792,-0.04579900950193405,0,0.23988750576972961,0.9519990086555481,-0.19013619422912598,0,0.09164422005414963,0.17277349531650543,0.9806889295578003,0,10.866450309753418,0.9303302764892578,0.003925560973584652,1]},{"time":0.46666669845581055,"weight":1,"matrix":[0.9666407704353333,-0.2521550953388214,-0.04498618096113205,0,0.240869402885437,0.9546235203742981,-0.1751450002193451,0,0.0871085524559021,0.15846650302410126,0.9835143089294434,0,10.866439819335938,0.9302939772605896,0.0037133689038455486,1]},{"time":0.5,"weight":1,"matrix":[0.966731071472168,-0.25185438990592957,-0.044726841151714325,0,0.2416616976261139,0.9565635919570923,-0.1630513072013855,0,0.08384919166564941,0.1468178927898407,0.9856032133102417,0,10.866419792175293,0.9302663803100586,0.0035417070612311363,1]},{"time":0.533333420753479,"weight":1,"matrix":[0.9667115807533264,-0.25184890627861023,-0.045175131410360336,0,0.2420347034931183,0.9573478102684021,-0.15781170129776,0,0.0829930305480957,0.14162449538707733,0.9864354133605957,0,10.866419792175293,0.9302548766136169,0.003467559115961194,1]},{"time":0.5666667222976685,"weight":1,"matrix":[0.9666581749916077,-0.2519265115261078,-0.04588121175765991,0,0.24237990379333496,0.9579712748527527,-0.1534367948770523,0,0.0826076790690422,0.13720020651817322,0.9870926737785339,0,10.866410255432129,0.9302492141723633,0.003405093913897872,1]},{"time":0.6000000238418579,"weight":1,"matrix":[0.966584324836731,-0.25205400586128235,-0.04672836884856224,0,0.24269579350948334,0.9584677219390869,-0.14979499578475952,0,0.08254408091306686,0.13344870507717133,0.9876121878623962,0,10.866390228271484,0.9302434921264648,0.003353595035150647,1]},{"time":0.6333333253860474,"weight":1,"matrix":[0.9665040969848633,-0.2521986961364746,-0.047599490731954575,0,0.24297820031642914,0.9588662981987,-0.14675429463386536,0,0.08265279978513718,0.1302729994058609,0.9880270957946777,0,10.866399765014648,0.9302321076393127,0.0033106799237430096,1]},{"time":0.6666666865348816,"weight":1,"matrix":[0.9664314985275269,-0.2523288130760193,-0.04837720841169357,0,0.24322189390659332,0.9591947793960571,-0.14418190717697144,0,0.08278446644544601,0.12757550179958344,0.9883679151535034,0,10.866399765014648,0.9302302002906799,0.0032744400668889284,1]},{"time":0.699999988079071,"weight":1,"matrix":[0.9663808941841125,-0.2524133026599884,-0.04894417151808739,0,0.2434213012456894,0.9594777822494507,-0.1419450044631958,0,0.08278965204954147,0.12525880336761475,0.9886637926101685,0,10.866390228271484,0.9302272796630859,0.0032420149073004723,1]},{"time":0.7333332896232605,"weight":1,"matrix":[0.9663612842559814,-0.2524420917034149,-0.0491817481815815,0,0.2435196042060852,0.9596281051635742,-0.1407558023929596,0,0.08272892236709595,0.12404420226812363,0.9888219237327576,0,10.866390228271484,0.9302235245704651,0.00322532607242465,1]},{"time":0.7666667103767395,"weight":1,"matrix":[0.9663634896278381,-0.2524389922618866,-0.04915529116988182,0,0.2435086965560913,0.9596114754676819,-0.1408880054950714,0,0.08273565024137497,0.12417930364608765,0.9888045191764832,0,10.866390228271484,0.9302263259887695,0.003227710025385022,1]},{"time":0.800000011920929,"weight":1,"matrix":[0.9663745164871216,-0.25242289900779724,-0.049023330211639404,0,0.2434539943933487,0.9595280885696411,-0.14154860377311707,0,0.08276938647031784,0.12485399842262268,0.988716721534729,0,10.866390228271484,0.9302263259887695,0.0032358160242438316,1]},{"time":0.8333333134651184,"weight":1,"matrix":[0.9663808941841125,-0.2524133026599884,-0.04894417151808739,0,0.2434213012456894,0.9594777822494507,-0.1419450044631958,0,0.08278965204954147,0.12525880336761475,0.9886637926101685,0,10.866390228271484,0.9302272796630859,0.0032420149073004723,1]}],"targetName":"node-Bip001_Spine","target":null},{"interpolation":0,"keyframes":[{"time":0,"weight":1,"matrix":[0.9816237092018127,0.1844272017478943,0.04900527000427246,0,-0.17579220235347748,0.9738702178001404,-0.14378589391708374,0,-0.07424277067184448,0.1325289011001587,0.9883947968482971,0,17.818889617919922,-0.013815869577229023,0.002040863037109375,1]},{"time":0.03333333879709244,"weight":1,"matrix":[0.9815459251403809,0.18455380201339722,0.05007605999708176,0,-0.17587250471115112,0.9740425944328308,-0.14251179993152618,0,-0.0750773474574089,0.13107480108737946,0.9885256290435791,0,17.818859100341797,-0.013820639811456203,0.0020217890851199627,1]},{"time":0.06666667014360428,"weight":1,"matrix":[0.9814503192901611,0.18470719456672668,0.05136739835143089,0,-0.17596079409122467,0.974226713180542,-0.14113900065422058,0,-0.07611291855573654,0.12948229908943176,0.9886562824249268,0,17.818870544433594,-0.01382254995405674,0.002002716064453125,1]},{"time":0.10000000149011612,"weight":1,"matrix":[0.9813541173934937,0.18485639989376068,0.052655041217803955,0,-0.17605650424957275,0.9744213819503784,-0.13966819643974304,0,-0.07712680101394653,0.12779369950294495,0.9887974262237549,0,17.818889617919922,-0.013824460096657276,0.001981734996661544,1]},{"time":0.13333329558372498,"weight":1,"matrix":[0.9812749028205872,0.18497119843959808,0.053714871406555176,0,-0.17615829408168793,0.9746263027191162,-0.13810040056705475,0,-0.07789652794599533,0.12605220079421997,0.9889605045318604,0,17.818889617919922,-0.013829230330884457,0.001959800021722913,1]},{"time":0.16666670143604279,"weight":1,"matrix":[0.981231689453125,0.1850222945213318,0.05432248115539551,0,-0.17626410722732544,0.9748414158821106,-0.1364361047744751,0,-0.07819955796003342,0.12430030107498169,0.9891583919525146,0,17.818880081176758,-0.013833040371537209,0.0019359580473974347,1]},{"time":0.20000000298023224,"weight":1,"matrix":[0.9812335968017578,0.18500450253486633,0.054348818957805634,0,-0.17651550471782684,0.9752739071846008,-0.1329772025346756,0,-0.07760637253522873,0.12088820338249207,0.9896277785301208,0,17.818889617919922,-0.013838759623467922,0.0018873210065066814,1]},{"time":0.2333333045244217,"weight":1,"matrix":[0.9812685251235962,0.184939906001091,0.053943030536174774,0,-0.1769080013036728,0.9759054780006409,-0.1277206987142563,0,-0.07626395672559738,0.11578530073165894,0.9903423190116882,0,17.818889617919922,-0.013845440000295639,0.0018100730376318097,1]},{"time":0.2666667103767395,"weight":1,"matrix":[0.9813222289085388,0.1848399043083191,0.05329841002821922,0,-0.17722569406032562,0.9764267802238464,-0.12321359664201736,0,-0.0748167634010315,0.11146640032529831,0.9909479022026062,0,17.818889617919922,-0.013852110132575035,0.0017471309984102845,1]},{"time":0.30000001192092896,"weight":1,"matrix":[0.9813836812973022,0.18471160531044006,0.052608780562877655,0,-0.17726530134677887,0.9765710830688477,-0.12200920283794403,0,-0.07391273230314255,0.11041209846735,0.9911336898803711,0,17.818889617919922,-0.013854020275175571,0.0017299649771302938,1]},{"time":0.3333333134651184,"weight":1,"matrix":[0.9814414978027344,0.18455770611763,0.05206935852766037,0,-0.17682570219039917,0.9760584831237793,-0.12665869295597076,0,-0.07419860363006592,0.11510089784860611,0.9905787706375122,0,17.818899154663086,-0.013846389949321747,0.0017976759700104594,1]},{"time":0.366666704416275,"weight":1,"matrix":[0.9815434217453003,0.18413260579109192,0.05164998024702072,0,-0.17377150058746338,0.9715126156806946,-0.16114220023155212,0,-0.07985018938779831,0.14919279515743256,0.9855787754058838,0,17.81884002685547,-0.013784400187432766,0.0022859571035951376,1]},{"time":0.4000000059604645,"weight":1,"matrix":[0.9816048741340637,0.18383069336414337,0.05155688151717186,0,-0.17063270509243011,0.9658355712890625,-0.1950540989637375,0,-0.08565247058868408,0.1826688051223755,0.9794365167617798,0,17.818809509277344,-0.013701429590582848,0.002767561934888363,1]},{"time":0.43333330750465393,"weight":1,"matrix":[0.981509804725647,0.18417109549045563,0.052150238305330276,0,-0.17113740742206573,0.9663820266723633,-0.19188010692596436,0,-0.08573585003614426,0.17940740287303925,0.9800317883491516,0,17.81879997253418,-0.013709059916436672,0.00272178603336215,1]},{"time":0.46666669845581055,"weight":1,"matrix":[0.9813656210899353,0.1847068965435028,0.052961818873882294,0,-0.17281770706176758,0.9689309000968933,-0.17693810164928436,0,-0.08399807661771774,0.16448819637298584,0.9827960729598999,0,17.818830490112305,-0.013746259734034538,0.0025091168936342,1]},{"time":0.5,"weight":1,"matrix":[0.981293797492981,0.1850132942199707,0.05322045087814331,0,-0.1740977019071579,0.9708269834518433,-0.16487930715084076,0,-0.082172691822052,0.1525294929742813,0.9848768711090088,0,17.818859100341797,-0.01377295982092619,0.0023403160739690065,1]},{"time":0.533333420753479,"weight":1,"matrix":[0.9813172221183777,0.1850174069404602,0.052772339433431625,0,-0.17460159957408905,0.971609890460968,-0.15965069830417633,0,-0.08081226795911789,0.14745379984378815,0.9857620000839233,0,17.818859100341797,-0.013786310330033302,0.0022630689200013876,1]},{"time":0.5666667222976685,"weight":1,"matrix":[0.9813705086708069,0.18493589758872986,0.052066620439291,0,-0.17497870326042175,0.97225022315979,-0.1552806943655014,0,-0.07933872193098068,0.14327740669250488,0.9864972829818726,0,17.818859100341797,-0.013795849867165089,0.0022029869724065065,1]},{"time":0.6000000238418579,"weight":1,"matrix":[0.981440007686615,0.18480290472507477,0.051219988614320755,0,-0.17525729537010193,0.9727745056152344,-0.15163969993591309,0,-0.07784897089004517,0.13984869420528412,0.9871078729629517,0,17.818889617919922,-0.013802519999444485,0.0021514890249818563,1]},{"time":0.6333333253860474,"weight":1,"matrix":[0.9815136194229126,0.18465200066566467,0.05034935101866722,0,-0.17546649277210236,0.973206102848053,-0.1485975980758667,0,-0.07643914222717285,0.13701589405536652,0.9876151084899902,0,17.818859100341797,-0.013809200376272202,0.002106666099280119,1]},{"time":0.6666666865348816,"weight":1,"matrix":[0.9815787076950073,0.18451589345932007,0.049571990966796875,0,-0.17563499510288239,0.9735655188560486,-0.14602349698543549,0,-0.07520519942045212,0.13462689518928528,0.9880384802818298,0,17.818880081176758,-0.013813969679176807,0.002071379916742444,1]},{"time":0.699999988079071,"weight":1,"matrix":[0.9816237092018127,0.1844272017478943,0.04900527000427246,0,-0.17579220235347748,0.9738702178001404,-0.14378589391708374,0,-0.07424277067184448,0.1325289011001587,0.9883947968482971,0,17.818889617919922,-0.013815869577229023,0.002040863037109375,1]},{"time":0.7333332896232605,"weight":1,"matrix":[0.9816411733627319,0.18439659476280212,0.04876774176955223,0,-0.17588239908218384,0.9740284085273743,-0.14259719848632812,0,-0.0737956091761589,0.13140180706977844,0.9885786175727844,0,17.818870544433594,-0.013818739913403988,0.0020227429922670126,1]},{"time":0.7666667103767395,"weight":1,"matrix":[0.9816392064094543,0.18440009653568268,0.04879415035247803,0,-0.17587250471115112,0.9740108251571655,-0.14272929728031158,0,-0.07384531944990158,0.1315270960330963,0.988558292388916,0,17.818889617919922,-0.013820639811456203,0.002023695968091488,1]},{"time":0.800000011920929,"weight":1,"matrix":[0.9816297292709351,0.1844169944524765,0.04892605170607567,0,-0.17582230269908905,0.9739230275154114,-0.14338970184326172,0,-0.07409369200468063,0.1321531981229782,0.9884561896324158,0,17.818880081176758,-0.013815869577229023,0.002035140059888363,1]},{"time":0.8333333134651184,"weight":1,"matrix":[0.9816237092018127,0.1844272017478943,0.04900527000427246,0,-0.17579220235347748,0.9738702178001404,-0.14378589391708374,0,-0.07424277067184448,0.1325289011001587,0.9883947968482971,0,17.818889617919922,-0.013815869577229023,0.002040863037109375,1]}],"targetName":"node-Bip001_Spine1","target":null},{"interpolation":0,"keyframes":[{"time":0,"weight":1,"matrix":[0.9969881772994995,-0.07642828673124313,0.01315397024154663,0,0.07686573266983032,0.9963626265525818,-0.03678691014647484,0,-0.010294550098478794,0.03768730163574219,0.999236524105072,0,17.81529998779297,-0.014135359786450863,0.0005221369792707264,1]},{"time":0.03333333879709244,"weight":1,"matrix":[0.9969754219055176,-0.07640433311462402,0.014234780333936214,0,0.07686775177717209,0.9964091181755066,-0.03549956902861595,0,-0.011471330188214779,0.036486320197582245,0.9992684125900269,0,17.815290451049805,-0.014137259684503078,0.0005030630272813141,1]},{"time":0.06666667014360428,"weight":1,"matrix":[0.9969580769538879,-0.076374351978302,0.015538210049271584,0,0.07686764001846313,0.9964575171470642,-0.03411262854933739,0,-0.012877820059657097,0.03520321100950241,0.9992970824241638,0,17.815290451049805,-0.01413630973547697,0.0004835129948332906,1]},{"time":0.10000000149011612,"weight":1,"matrix":[0.9969391226768494,-0.07634788006544113,0.01683758944272995,0,0.07686591148376465,0.9965075254440308,-0.032626859843730927,0,-0.01428782008588314,0.0338212214410305,0.9993258118629456,0,17.81528091430664,-0.014137259684503078,0.0004622940032277256,1]},{"time":0.13333329558372498,"weight":1,"matrix":[0.9969214797019958,-0.07633394002914429,0.017906300723552704,0,0.07686369866132736,0.9965583086013794,-0.03104322962462902,0,-0.015474970452487469,0.03232400864362717,0.9993575811386108,0,17.815290451049805,-0.014133449643850327,0.0004405979998409748,1]},{"time":0.16666670143604279,"weight":1,"matrix":[0.9969099164009094,-0.07634054869413376,0.018517490476369858,0,0.0768628716468811,0.9966092705726624,-0.02936244010925293,0,-0.016213109716773033,0.03069501928985119,0.9993972778320312,0,17.815290451049805,-0.01413630973547697,0.00041699400753714144,1]},{"time":0.20000000298023224,"weight":1,"matrix":[0.9969077706336975,-0.07636100053787231,0.018541809171438217,0,0.07682687044143677,0.9967089295387268,-0.02586919069290161,0,-0.01650536060333252,0.02721369080245495,0.9994933009147644,0,17.81528091430664,-0.014135359786450863,0.00036740300129167736,1]},{"time":0.2333333045244217,"weight":1,"matrix":[0.9969133734703064,-0.07638721913099289,0.018130360171198845,0,0.07675539702177048,0.9968377947807312,-0.020562229678034782,0,-0.016502320766448975,0.02189039997756481,0.9996240735054016,0,17.81528091430664,-0.014137259684503078,0.0002927779860328883,1]},{"time":0.2666667103767395,"weight":1,"matrix":[0.9969220757484436,-0.07642614096403122,0.017476970329880714,0,0.07670717686414719,0.9969251155853271,-0.016015110537409782,0,-0.01619929075241089,0.017306439578533173,0.9997190237045288,0,17.815290451049805,-0.014144890010356903,0.00022697400709148496,1]},{"time":0.30000001192092896,"weight":1,"matrix":[0.9969292879104614,-0.07648926228284836,0.016775840893387794,0,0.07673925161361694,0.9969415068626404,-0.014801849611103535,0,-0.015592330135405064,0.016043780371546745,0.9997497797012329,0,17.815330505371094,-0.014148710295557976,0.00020933200721628964,1]},{"time":0.3333333134651184,"weight":1,"matrix":[0.9969304203987122,-0.07659255713224411,0.016221459954977036,0,0.07690346240997314,0.996847927570343,-0.019496500492095947,0,-0.01467704027891159,0.02068405970931053,0.999678373336792,0,17.815290451049805,-0.014139169827103615,0.00027632698765955865,1]},{"time":0.366666704416275,"weight":1,"matrix":[0.9969081282615662,-0.07698088139295578,0.015757199376821518,0,0.07773088663816452,0.9954903721809387,-0.05437587946653366,0,-0.011500230059027672,0.055432550609111786,0.9983962178230286,0,17.815269470214844,-0.014121050015091896,0.000771521998103708,1]},{"time":0.4000000059604645,"weight":1,"matrix":[0.9968870878219604,-0.07727658003568649,0.01563137024641037,0,0.07836472243070602,0.9929617047309875,-0.08880423754453659,0,-0.008658826351165771,0.08975285291671753,0.9959263801574707,0,17.815269470214844,-0.01408386044204235,0.0012598029570654035,1]},{"time":0.43333330750465393,"weight":1,"matrix":[0.9968991875648499,-0.0769905373454094,0.016259780153632164,0,0.0781056210398674,0.9932662844657898,-0.08556883782148361,0,-0.009562253020703793,0.08657360076904297,0.9961996078491211,0,17.81529998779297,-0.014093389734625816,0.001213549985550344,1]},{"time":0.46666669845581055,"weight":1,"matrix":[0.9969204068183899,-0.07652795314788818,0.017127029597759247,0,0.07755135744810104,0.9945011734962463,-0.07037830352783203,0,-0.011646919883787632,0.07148975133895874,0.9973735213279724,0,17.815269470214844,-0.01410960964858532,0.0009984970092773438,1]},{"time":0.5,"weight":1,"matrix":[0.996937096118927,-0.07624375075101852,0.017418259754776955,0,0.07713621109724045,0.9953240752220154,-0.05813895910978317,0,-0.012904039584100246,0.059304408729076385,0.9981566071510315,0,17.815290451049805,-0.014117239974439144,0.0008254050044342875,1]},{"time":0.533333420753479,"weight":1,"matrix":[0.9969484210014343,-0.07619673013687134,0.016972120851278305,0,0.07699555158615112,0.9956305027008057,-0.052838679403066635,0,-0.012871799990534782,0.05398422107100487,0.9984589219093323,0,17.81529998779297,-0.014126770198345184,0.0007488729897886515,1]},{"time":0.5666667222976685,"weight":1,"matrix":[0.9969592094421387,-0.07621114701032639,0.016259899362921715,0,0.07691674679517746,0.9958614706993103,-0.04841278865933418,0,-0.012503080070018768,0.04951620101928711,0.9986950755119324,0,17.81529998779297,-0.01412868034094572,0.0006871219957247376,1]},{"time":0.6000000238418579,"weight":1,"matrix":[0.9969688057899475,-0.07626353949308395,0.015401779673993587,0,0.07688318938016891,0.9960362911224365,-0.04472820833325386,0,-0.011929569765925407,0.04577666148543358,0.9988805055618286,0,17.815290451049805,-0.01412868034094572,0.0006351469783112407,1]},{"time":0.6333333253860474,"weight":1,"matrix":[0.9969767928123474,-0.07633166760206223,0.014517719857394695,0,0.07687646150588989,0.9961702823638916,-0.041651301085948944,0,-0.011282799765467644,0.042641520500183105,0.9990267157554626,0,17.815290451049805,-0.014134399592876434,0.000590562995057553,1]},{"time":0.6666666865348816,"weight":1,"matrix":[0.9969831705093384,-0.076393723487854,0.01372831966727972,0,0.0768771693110466,0.9962756037712097,-0.039048850536346436,0,-0.010694080032408237,0.03998643159866333,0.9991430044174194,0,17.81528091430664,-0.014129630289971828,0.0005550379864871502,1]},{"time":0.699999988079071,"weight":1,"matrix":[0.9969881772994995,-0.07642828673124313,0.01315397024154663,0,0.07686573266983032,0.9963626265525818,-0.03678691014647484,0,-0.010294550098478794,0.03768730163574219,0.999236524105072,0,17.81529998779297,-0.014135359786450863,0.0005221369792707264,1]},{"time":0.7333332896232605,"weight":1,"matrix":[0.9969909191131592,-0.07643592357635498,0.012914000079035759,0,0.07685214281082153,0.9964072704315186,-0.03558522090315819,0,-0.010147630237042904,0.03647058829665184,0.9992833137512207,0,17.815290451049805,-0.014135359786450863,0.0005042550037615001,1]},{"time":0.7666667103767395,"weight":1,"matrix":[0.9969905018806458,-0.0764351412653923,0.01294063962996006,0,0.07685363292694092,0.9964023232460022,-0.035718731582164764,0,-0.010163960047066212,0.0366058312356472,0.9992781281471252,0,17.81529998779297,-0.014135359786450863,0.0005061629926785827,1]},{"time":0.800000011920929,"weight":1,"matrix":[0.9969890713691711,-0.07643084973096848,0.013073979876935482,0,0.07686114311218262,0.9963778257369995,-0.03638637065887451,0,-0.010245559737086296,0.037281688302755356,0.9992523789405823,0,17.815290451049805,-0.014138219878077507,0.0005152230150997639,1]},{"time":0.8333333134651184,"weight":1,"matrix":[0.9969881772994995,-0.07642828673124313,0.01315397024154663,0,0.07686573266983032,0.9963626265525818,-0.03678691014647484,0,-0.010294550098478794,0.03768730163574219,0.999236524105072,0,17.81529998779297,-0.014135359786450863,0.0005221369792707264,1]}],"targetName":"node-Bip001_Spine2","target":null},{"interpolation":0,"keyframes":[{"time":0,"weight":1,"matrix":[0.8319423794746399,0.5240150094032288,-0.1824284940958023,0,-0.5344213843345642,0.8451650142669678,-0.009476244449615479,0,0.1492163985967636,0.10537739843130112,0.9831733703613281,0,18.027050018310547,2.017396926879883,0.000052928899094695225,1]},{"time":0.03333333879709244,"weight":1,"matrix":[0.8319423794746399,0.5240150094032288,-0.1824284940958023,0,-0.5344215035438538,0.8451650738716125,-0.009476244449615479,0,0.14921650290489197,0.10537739843130112,0.9831733107566833,0,18.027040481567383,2.017396926879883,0.00005340580173651688,1]},{"time":0.06666667014360428,"weight":1,"matrix":[0.8319423794746399,0.5240150094032288,-0.1824284940958023,0,-0.5344215035438538,0.8451650738716125,-0.009476304054260254,0,0.14921650290489197,0.10537739843130112,0.9831734895706177,0,18.027040481567383,2.017396926879883,0.000053882598876953125,1]},{"time":0.10000000149011612,"weight":1,"matrix":[0.8319424986839294,0.5240148901939392,-0.1824284940958023,0,-0.5344213843345642,0.8451650738716125,-0.009476244449615479,0,0.14921650290489197,0.10537739843130112,0.9831734895706177,0,18.027040481567383,2.0173959732055664,0.00005435939965536818,1]},{"time":0.13333329558372498,"weight":1,"matrix":[0.8319424986839294,0.5240150094032288,-0.1824284940958023,0,-0.5344215035438538,0.8451650142669678,-0.009476244449615479,0,0.1492163985967636,0.10537739843130112,0.9831736087799072,0,18.027019500732422,2.0173981189727783,0.00005340580173651688,1]},{"time":0.16666670143604279,"weight":1,"matrix":[0.8319423794746399,0.5240150094032288,-0.1824284940958023,0,-0.5344215035438538,0.8451650142669678,-0.009476244449615479,0,0.14921650290489197,0.10537739843130112,0.9831733703613281,0,18.027040481567383,2.017400026321411,0.00005435939965536818,1]},{"time":0.20000000298023224,"weight":1,"matrix":[0.8324772119522095,0.523168683052063,-0.18241900205612183,0,-0.5335884094238281,0.8456891775131226,-0.009658931754529476,0,0.14921650290489197,0.10537739843130112,0.9831734895706177,0,18.027019500732422,2.01739501953125,0.00005578990021604113,1]},{"time":0.2333333045244217,"weight":1,"matrix":[0.8336501121520996,0.5213049054145813,-0.18239730596542358,0,-0.5317537784576416,0.846839189529419,-0.010060600005090237,0,0.14921650290489197,0.10537739843130112,0.9831734895706177,0,18.027019500732422,2.0173850059509277,0.00005626679921988398,1]},{"time":0.2666667103767395,"weight":1,"matrix":[0.8348190784454346,0.5194388031959534,-0.18237459659576416,0,-0.529916524887085,0.8479853272438049,-0.010462339967489243,0,0.1492163985967636,0.10537750273942947,0.9831734895706177,0,18.027019500732422,2.0173819065093994,0.00005865099956281483,1]},{"time":0.30000001192092896,"weight":1,"matrix":[0.8353493809700012,0.5185893774032593,-0.1823641061782837,0,-0.5290803909301758,0.8485050201416016,-0.010644850321114063,0,0.14921650290489197,0.10537739843130112,0.9831733703613281,0,18.026979446411133,2.0173819065093994,0.00006055830090190284,1]},{"time":0.3333333134651184,"weight":1,"matrix":[0.8346068859100342,0.5197780728340149,-0.18237879872322083,0,-0.530250608921051,0.8477774262428284,-0.010389200411736965,0,0.14921650290489197,0.105377502739