{"asset":{"unit":{"name":"meter","meter":1},"upAxis":"Y_UP","title":null,"subject":null,"created":"Thu Aug 01 2013 13:21:19 GMT+0400 (Московское время (зима))","modified":"Thu Aug 01 2013 13:21:19 GMT+0400 (Московское время (зима))","contributor":{"author":null,"authoringTool":"Akra Engine exporter;Version 0.0.1;Browser Chrome, 30.0.1582.0 (Windows)","comments":null,"copyright":null,"sourceData":null},"keywords":null},"library":[{"type":2,"animations":[1928,1940,1950,1977,2012],"options":0,"name":"gun_undraw","guid":1908},{"name":"gun_undraw_up.DAE","targets":[{"name":"node-Bip001","target":null},{"name":"node-Bip001_Pelvis","target":null},{"name":"node-Bip001_Spine","target":null},{"name":"node-Bip001_Spine1","target":null},{"name":"node-Bip001_Spine2","target":null},{"name":"node-Bip001_Neck","target":null},{"name":"node-Bip001_Head","target":null},{"name":"node-Bone022","target":null},{"name":"node-Bone023","target":null},{"name":"node-Bone024","target":null},{"name":"node-Bone025","target":null},{"name":"node-Bone026","target":null},{"name":"node-Bone027","target":null},{"name":"node-Bone028","target":null},{"name":"node-Bone029","target":null},{"name":"node-Bone030","target":null},{"name":"node-Bone_hair01","target":null},{"name":"node-Bone_hair02","target":null},{"name":"node-Bone_hair03","target":null},{"name":"node-Bip001_L_Clavicle","target":null},{"name":"node-Bip001_L_UpperArm","target":null},{"name":"node-Bip001_L_Forearm","target":null},{"name":"node-Bip001_L_Hand","target":null},{"name":"node-Bip001_L_Finger0","target":null},{"name":"node-Bip001_L_Finger01","target":null},{"name":"node-Bip001_L_Finger1","target":null},{"name":"node-Bip001_L_Finger11","target":null},{"name":"node-Bip001_L_Finger12","target":null},{"name":"node-Bip001_L_Finger2","target":null},{"name":"node-Bip001_L_Finger21","target":null},{"name":"node-Bip001_L_Finger3","target":null},{"name":"node-Bip001_L_Finger31","target":null},{"name":"node-Bip001_L_Finger4","target":null},{"name":"node-Bip001_L_Finger41","target":null},{"name":"node-Bip001_L_ForeTwist","target":null},{"name":"node-Bip001_L_ForeTwist1","target":null},{"name":"node-Bip001_LUpArmTwist","target":null},{"name":"node-Bip001_R_Clavicle","target":null},{"name":"node-Bip001_R_UpperArm","target":null},{"name":"node-Bip001_R_Forearm","target":null},{"name":"node-Bip001_R_Hand","target":null},{"name":"node-Bip001_R_Finger0","target":null},{"name":"node-Bip001_R_Finger01","target":null},{"name":"node-Bip001_R_Finger02","target":null},{"name":"node-Bip001_R_Finger1","target":null},{"name":"node-Bip001_R_Finger11","target":null},{"name":"node-Bip001_R_Finger12","target":null},{"name":"node-Bip001_R_Finger2","target":null},{"name":"node-Bip001_R_Finger21","target":null},{"name":"node-Bip001_R_Finger22","target":null},{"name":"node-Bip001_R_Finger3","target":null},{"name":"node-Bip001_R_Finger31","target":null},{"name":"node-Bip001_R_Finger32","target":null},{"name":"node-Bip001_R_Finger4","target":null},{"name":"node-Bip001_R_Finger41","target":null},{"name":"node-Bip001_R_Finger42","target":null},{"name":"node-Bip001_R_ForeTwist","target":null},{"name":"node-Bip001_R_ForeTwist1","target":null},{"name":"node-Bip001_RUpArmTwist","target":null},{"name":"node-Bone_backpack","target":null},{"name":"node-Bone009","target":null},{"name":"node-Bone010","target":null},{"name":"node-Bone011","target":null},{"name":"node-Bone012","target":null},{"name":"node-Bone013","target":null},{"name":"node-Bone_knife","target":null},{"name":"node-Bip001_L_Thigh","target":null},{"name":"node-Bip001_L_Calf","target":null},{"name":"node-Bip001_L_Foot","target":null},{"name":"node-Bip001_L_Toe0","target":null},{"name":"node-Bip001_LCalfTwist","target":null},{"name":"node-Bip001_LCalfTwist1","target":null},{"name":"node-Bip001_R_Thigh","target":null},{"name":"node-Bip001_R_Calf","target":null},{"name":"node-Bip001_R_Foot","target":null},{"name":"node-Bip001_R_Toe0","target":null},{"name":"node-Bip001_RCalfTwist","target":null},{"name":"node-Bip001_RCalfTwist1","target":null},{"name":"node-Bip001_LThighTwist","target":null},{"name":"node-Bip001_RThighTwist","target":null},{"name":"node-Bip001_RUpArmTwist1","target":null},{"name":"node-Bip001_LUpArmTwist1","target":null},{"name":"node-Bip001_L_Finger42","target":null},{"name":"node-Bip001_L_Finger32","target":null},{"name":"node-Bip001_L_Finger22","target":null},{"name":"node-Bip001_L_Finger02","target":null},{"name":"node-Bone_lip_r","target":null},{"name":"node-Bone_lip_u","target":null},{"name":"node-Bone_lip_l","target":null},{"name":"node-Bone0_eyeL_liddown","target":null},{"name":"node-Bone0_eyeL","target":null},{"name":"node-Bone0_eyeL_lidup","target":null},{"name":"node-Bone_eyeR_liddown","target":null},{"name":"node-Bone_eyeR","target":null},{"name":"node-Bone_eyeR_lidup","target":null},{"name":"node-Bone_brow","target":null},{"name":"node-Bone_nose","target":null},{"name":"node-Bone_jaw","target":null},{"name":"node-Bone_lip_d","target":null},{"name":"node-Bip001_RThighTwist1","target":null},{"name":"node-Bip001_LThighTwist1","target":null},{"name":"node-Bone_holsterR","target":null},{"name":"node-Dummy01","target":null},{"name":"node-Object025","target":null},{"name":"node-Bone_holsterL","target":null},{"name":"node-Bone_knifes","target":null},{"name":"node-Bone006","target":null},{"name":"node-Dummy05","target":null},{"name":"node-Dummy02","target":null},{"name":"node-Dummy03","target":null},{"name":"node-Mesh001","target":null},{"name":"node-Dummy04","target":null},{"name":"node-Mesh003","target":null},{"name":"node-Mesh002","target":null}],"type":3,"extra":{"graph":{"x":0,"y":0}},"tracks":[{"interpolation":0,"keyframes":[{"time":0,"weight":1,"matrix":[0.000001311300025008677,-0.9486016035079956,-0.3164728879928589,0,1,0.0000013709100130654406,1.4901199563155387e-7,0,2.980229965032777e-7,-0.3164728879928589,0.9486016035079956,0,4.726900100708008,-6.918567180633545,96.70079040527344,1]},{"time":0.03333333879709244,"weight":1,"matrix":[0.00173854804597795,-0.948600172996521,-0.3164724111557007,0,0.9999986290931702,0.0016493200091645122,0.000549942022189498,0,3.1292398716686876e-7,-0.3164728879928589,0.9486016035079956,0,4.534995079040527,-7.154946804046631,96.71826171875,1]},{"time":0.06666667014360428,"weight":1,"matrix":[0.0038936729542911053,-0.9485945105552673,-0.31647050380706787,0,0.9999924898147583,0.003693639999255538,0.0012319680536165833,0,2.831220058396866e-7,-0.3164728879928589,0.9486016035079956,0,4.388795852661133,-7.464179992675781,96.7531967163086,1]},{"time":0.10000000149011612,"weight":1,"matrix":[0.006004989147186279,-0.9485843777656555,-0.31646719574928284,0,0.9999819993972778,0.005696414969861507,0.0019000760512426496,0,3.1292398716686876e-7,-0.3164727985858917,0.9486016035079956,0,4.190042018890381,-7.757429122924805,96.77938842773438,1]},{"time":0.13333329558372498,"weight":1,"matrix":[0.007610082160681486,-0.9485741257667542,-0.3164637088775635,0,0.9999710917472839,0.007219016086310148,0.002408087020739913,0,3.1292398716686876e-7,-0.3164728879928589,0.9486016035079956,0,3.8404760360717773,-7.945845127105713,96.77066040039062,1]},{"time":0.16666670143604279,"weight":1,"matrix":[0.00824797060340643,-0.9485692977905273,-0.31646209955215454,0,0.999966025352478,0.007824121974408627,0.002609908115118742,0,3.278260010119993e-7,-0.3164727985858917,0.9486016035079956,0,3.2418320178985596,-7.940591812133789,96.70079040527344,1]},{"time":0.20000000298023224,"weight":1,"matrix":[0.009034872055053711,-0.9485628008842468,-0.31645989418029785,0,0.9999591708183289,0.008570610545575619,0.0028589360881596804,0,3.278260010119993e-7,-0.3164727985858917,0.9486016035079956,0,2.2903950214385986,-7.775221824645996,96.50279235839844,1]},{"time":0.2333333045244217,"weight":1,"matrix":[0.010278989560902119,-0.9485514163970947,-0.3164561092853546,0,0.9999470710754395,0.009750783443450928,0.003252685070037842,0,3.427269916755904e-7,-0.3164727985858917,0.9486016035079956,0,1.0516879558563232,-7.50896692276001,96.19412994384766,1]},{"time":0.2666667103767395,"weight":1,"matrix":[0.010304509662091732,-0.9485511779785156,-0.31645599007606506,0,0.9999468922615051,0.009774981997907162,0.0032607910688966513,0,2.980229965032777e-7,-0.3164727985858917,0.9486016035079956,0,-0.31874218583106995,-7.091487884521484,95.87531280517578,1]},{"time":0.30000001192092896,"weight":1,"matrix":[0.007437109015882015,-0.9485753178596497,-0.3164640963077545,0,0.9999722838401794,0.007054984103888273,0.0023533699568361044,0,2.980229965032777e-7,-0.3164727985858917,0.9486016035079956,0,-1.6652990579605103,-6.4724578857421875,95.64678955078125,1]},{"time":0.3333333134651184,"weight":1,"matrix":[0.0000011920900533368695,-0.9486017227172852,-0.3164728879928589,0,1,0.000001251700041393633,1.4901199563155387e-7,0,2.980229965032777e-7,-0.3164728879928589,0.9486016035079956,0,-2.8324360847473145,-5.601530075073242,95.60910034179688,1]},{"time":0.366666704416275,"weight":1,"matrix":[-0.013616199605166912,-0.9485136866569519,-0.3164435923099518,0,0.9999073147773743,-0.012916199862957,-0.004309356212615967,0,2.682209867543861e-7,-0.3164728879928589,0.9486016035079956,0,-3.9609909057617188,-4.3354811668396,95.80906677246094,1]},{"time":0.4000000059604645,"weight":1,"matrix":[-0.03229355067014694,-0.9481068253517151,-0.31630781292915344,0,0.999478280544281,-0.030633559450507164,-0.010220279917120934,0,2.980229965032777e-7,-0.3164728879928589,0.9486016035079956,0,-5.154679775238037,-2.7078659534454346,96.1796875,1]},{"time":0.43333330750465393,"weight":1,"matrix":[-0.053601499646902084,-0.9472379088401794,-0.31601789593696594,0,0.9985625147819519,-0.05084633082151413,-0.016963599249720573,0,2.682209867543861e-7,-0.3164728879928589,0.9486016035079956,0,-6.202205181121826,-0.9335659742355347,96.65072631835938,1]},{"time":0.46666669845581055,"weight":1,"matrix":[-0.07510875910520554,-0.9459220767021179,-0.3155789077281952,0,0.997175395488739,-0.07124817371368408,-0.023770149797201157,0,2.831220058396866e-7,-0.3164728879928589,0.9486016035079956,0,-6.892331123352051,0.772644579410553,97.15189361572266,1]},{"time":0.5,"weight":1,"matrix":[-0.09439647197723389,-0.9443657994270325,-0.31505969166755676,0,0.9955347180366516,-0.08954452723264694,-0.029874200001358986,0,2.980229965032777e-7,-0.3164728879928589,0.9486016035079956,0,-7.013758182525635,2.1958870887756348,97.61295318603516,1]},{"time":0.533333420753479,"weight":1,"matrix":[-0.11250810325145721,-0.9425786733627319,-0.3144634962081909,0,0.9936507940292358,-0.1067252978682518,-0.0356060191988945,0,2.980229965032777e-7,-0.3164728879928589,0.9486016035079956,0,-6.306572914123535,3.343724012374878,98.06349182128906,1]},{"time":0.5666667222976685,"weight":1,"matrix":[-0.13104389607906342,-0.9404214024543762,-0.31374379992485046,0,0.9913765788078308,-0.12430830299854279,-0.041472069919109344,0,2.831220058396866e-7,-0.3164727985858917,0.9486016035079956,0,-4.9116291999816895,4.359385013580322,98.55036163330078,1]},{"time":0.6000000238418579,"weight":1,"matrix":[-0.1484408974647522,-0.9380924105644226,-0.3129667043685913,0,0.9889212846755981,-0.14081120491027832,-0.04697781056165695,0,3.1292398716686876e-7,-0.3164727985858917,0.9486016035079956,0,-3.218830108642578,5.231511116027832,99.02912139892578,1]},{"time":0.6333333253860474,"weight":1,"matrix":[-0.1631523072719574,-0.9358910918235779,-0.31223228573799133,0,0.9866008162498474,-0.1547664999961853,-0.051633529365062714,0,2.682209867543861e-7,-0.3164727985858917,0.9486016035079956,0,-1.6179709434509277,5.948787212371826,99.45539855957031,1]},{"time":0.6666666865348816,"weight":1,"matrix":[-0.17364689707756042,-0.9341905117034912,-0.3116649091243744,0,0.9848080277442932,-0.16472159326076508,-0.054954759776592255,0,2.980229965032777e-7,-0.3164727985858917,0.9486016035079956,0,-0.49895501136779785,6.499847888946533,99.7847671508789,1]},{"time":0.699999988079071,"weight":1,"matrix":[-0.17994549870491028,-0.9331172108650208,-0.31130680441856384,0,0.9836766123771667,-0.17069639265537262,-0.05694812163710594,0,3.278260010119993e-7,-0.3164727985858917,0.9486016035079956,0,0.052012741565704346,6.812553882598877,100.04070281982422,1]},{"time":0.7333332896232605,"weight":1,"matrix":[-0.18309220671653748,-0.932566225528717,-0.3111230134963989,0,0.9830958247184753,-0.17368139326572418,-0.05794398859143257,0,3.1292398716686876e-7,-0.3164727985858917,0.9486016035079956,0,0.29484400153160095,6.894468784332275,100.25279998779297,1]},{"time":0.7666667103767395,"weight":1,"matrix":[-0.18309220671653748,-0.932566225528717,-0.3111230134963989,0,0.9830958247184753,-0.17368139326572418,-0.05794398859143257,0,3.278260010119993e-7,-0.3164727985858917,0.9486016035079956,0,0.3588469922542572,6.853806018829346,100.38590240478516,1]},{"time":0.800000011920929,"weight":1,"matrix":[-0.179945707321167,-0.9331170916557312,-0.31130680441856384,0,0.9836764931678772,-0.17069660127162933,-0.05694818124175072,0,3.278260010119993e-7,-0.3164728879928589,0.9486016035079956,0,0.3733310103416443,6.798777103424072,100.40460205078125,1]},{"time":0.8333333134651184,"weight":1,"matrix":[-0.17364689707756042,-0.9341905117034912,-0.3116649091243744,0,0.9848080277442932,-0.16472159326076508,-0.05495481938123703,0,3.1292398716686876e-7,-0.3164727985858917,0.9486016035079956,0,0.467602014541626,6.837594032287598,100.2739028930664,1]},{"time":0.8666666746139526,"weight":1,"matrix":[-0.1630467027425766,-0.9359077215194702,-0.3122378885746002,0,0.9866183996200562,-0.15466630458831787,-0.05160009115934372,0,3.1292398716686876e-7,-0.3164727985858917,0.9486016035079956,0,0.6855319142341614,7.078138828277588,99.86560821533203,1]},{"time":0.8999999761581421,"weight":1,"matrix":[-0.14812250435352325,-0.9381377100944519,-0.31298190355300903,0,0.988969087600708,-0.1405092030763626,-0.046877019107341766,0,3.427269916755904e-7,-0.3164728879928589,0.9486016035079956,0,0.9409151077270508,7.448270797729492,99.20310974121094,1]},{"time":0.9333332777023315,"weight":1,"matrix":[-0.13056540489196777,-0.9404813051223755,-0.31376370787620544,0,0.991439700126648,-0.12385450303554535,-0.04132068157196045,0,3.1292398716686876e-7,-0.3164728879928589,0.9486016035079956,0,1.1679400205612183,7.786159038543701,98.47869873046875,1]},{"time":0.966666579246521,"weight":1,"matrix":[-0.11208180338144302,-0.9426245093345642,-0.3144788146018982,0,0.9936990737915039,-0.10632090270519257,-0.03547114133834839,0,3.278260010119993e-7,-0.3164728879928589,0.9486016035079956,0,1.3008099794387817,7.929996013641357,97.88455963134766,1]},{"time":1,"weight":1,"matrix":[-0.09439647197723389,-0.9443656802177429,-0.31505969166755676,0,0.9955347180366516,-0.08954452723264694,-0.029874200001358986,0,2.980229965032777e-7,-0.3164727985858917,0.9486016035079956,0,1.2737129926681519,7.717953205108643,97.61295318603516,1]},{"time":1.0333329439163208,"weight":1,"matrix":[-0.07609163969755173,-0.9458513855934143,-0.31555530428886414,0,0.9971007704734802,-0.07218050211668015,-0.02408123016357422,0,3.1292398716686876e-7,-0.3164727985858917,0.9486016035079956,0,1.0223079919815063,6.974435806274414,97.77394104003906,1]},{"time":1.0666669607162476,"weight":1,"matrix":[-0.05601822957396507,-0.9471120238304138,-0.3159759044647217,0,0.9984297156333923,-0.05313897132873535,-0.017728500068187714,0,2.682209867543861e-7,-0.3164727985858917,0.9486016035079956,0,0.5904672145843506,5.807328224182129,98.23937225341797,1]},{"time":1.100000023841858,"weight":1,"matrix":[-0.03632472828030586,-0.9479755163192749,-0.31626400351524353,0,0.9993399977684021,-0.03445756062865257,-0.011495999991893768,0,2.980229965032777e-7,-0.3164728879928589,0.9486016035079956,0,0.07471048086881638,4.480042934417725,98.8441162109375,1]},{"time":1.1333329677581787,"weight":1,"matrix":[-0.019167419523000717,-0.9484273195266724,-0.3164147138595581,0,0.9998162984848022,-0.018182149156928062,-0.0060662031173706055,0,2.831220058396866e-7,-0.3164727985858917,0.9486016035079956,0,-0.42847418785095215,3.255913019180298,99.42311096191406,1]},{"time":1.1666669845581055,"weight":1,"matrix":[-0.006703495047986507,-0.9485803246498108,-0.31646570563316345,0,0.9999775886535645,-0.006358860991895199,-0.00212168600410223,0,2.682209867543861e-7,-0.3164728879928589,0.9486016035079956,0,-0.8225684762001038,2.3983519077301025,99.81118774414062,1]},{"time":1.2000000476837158,"weight":1,"matrix":[-0.0001548529980937019,-0.9486016035079956,-0.3164727985858917,0,1,-0.00014686600479763,-0.000049263198889093474,0,2.682209867543861e-7,-0.3164728879928589,0.9486016035079956,0,-1.0887930393218994,1.9741109609603882,99.97856140136719,1]},{"time":1.2333329916000366,"weight":1,"matrix":[0.0019094940507784486,-0.9485998749732971,-0.31647229194641113,0,0.9999982714653015,0.0018114439444616437,0.0006040779990144074,0,2.5331999609079503e-7,-0.3164728879928589,0.9486016035079956,0,-1.2914890050888062,1.8075979948043823,100.0353012084961,1]},{"time":1.2666670083999634,"weight":1,"matrix":[0.001315593020990491,-0.9486008286476135,-0.316472589969635,0,0.9999992251396179,0.0012480609584599733,0.0004160999960731715,0,2.5331999609079503e-7,-0.3164727985858917,0.9486016035079956,0,-1.458819031715393,1.7986860275268555,100.0261001586914,1]},{"time":1.2999999523162842,"weight":1,"matrix":[-0.00011134100350318477,-0.9486016035079956,-0.3164727985858917,0,1,-0.00010550000297371298,-0.00003547970118233934,0,2.682209867543861e-7,-0.3164727985858917,0.9486016035079956,0,-1.6189570426940918,1.847249984741211,99.9957504272461,1]},{"time":1.3333330154418945,"weight":1,"matrix":[-0.0005456209764815867,-0.9486014246940613,-0.3164727985858917,0,0.9999998211860657,-0.0005174879916012287,-0.0001729280047584325,0,2.831220058396866e-7,-0.3164727985858917,0.9486016035079956,0,-1.800068974494934,1.8531630039215088,99.9888687133789,1]},{"time":1.3666670322418213,"weight":1,"matrix":[-0.0000692605972290039,-0.9486016035079956,-0.3164727985858917,0,1,-0.00006568429671460763,-0.000022187799913808703,0,2.682209867543861e-7,-0.3164727985858917,0.9486016035079956,0,-2.017714023590088,1.8268799781799316,100.00330352783203,1]},{"time":1.399999976158142,"weight":1,"matrix":[0.00010055299935629591,-0.9486016035079956,-0.3164727985858917,0,1,0.0000954865972744301,0.000031545798265142366,0,2.831220058396866e-7,-0.3164727985858917,0.9486016035079956,0,-2.253114938735962,1.8351529836654663,100.00920104980469,1]},{"time":1.4333330392837524,"weight":1,"matrix":[0.0000868439965415746,-0.9486016035079956,-0.3164727985858917,0,1,0.00008249279926531017,0.00002720950033108238,0,2.980229965032777e-7,-0.3164727985858917,0.9486016035079956,0,-2.4829249382019043,1.8622970581054688,100.01000213623047,1]},{"time":1.4666670560836792,"weight":1,"matrix":[0.000012874599633505568,-0.9486016035079956,-0.3164727985858917,0,1,0.000012338199667283334,0.000003799799969783635,0,2.980229965032777e-7,-0.3164727985858917,0.9486016035079956,0,-2.68381404876709,1.892632007598877,100.00890350341797,1]},{"time":1.5,"weight":1,"matrix":[0.000001311300025008677,-0.9486016035079956,-0.3164728879928589,0,1,0.0000013709100130654406,1.4901199563155387e-7,0,2.980229965032777e-7,-0.3164728879928589,0.9486016035079956,0,-2.8324360847473145,1.9104739427566528,100.0093002319336,1]},{"time":1.5333329439163208,"weight":1,"matrix":[0.00003546480002114549,-0.9486016035079956,-0.3164728879928589,0,1,0.00003373619983904064,0.000010967300113406964,0,2.980229965032777e-7,-0.3164728879928589,0.9486016035079956,0,-2.896959066390991,1.9140559434890747,100.010498046875,1]},{"time":1.5666669607162476,"weight":1,"matrix":[0.00003170970012433827,-0.9486016035079956,-0.3164728879928589,0,1,0.000030219600375858136,0.000009760259672475513,0,2.980229965032777e-7,-0.3164728879928589,0.9486016035079956,0,-2.8897900581359863,1.9136580228805542,100.0103988647461,1]},{"time":1.600000023841858,"weight":1,"matrix":[0.000012576600056490861,-0.9486017227172852,-0.3164728879928589,0,1,0.000012040100045851432,0.000003740190095413709,0,2.831220058396866e-7,-0.3164728879928589,0.9486016035079956,0,-2.8539440631866455,1.9116679430007935,100.00969696044922,1]},{"time":1.6333329677581787,"weight":1,"matrix":[0.000001311300025008677,-0.9486016035079956,-0.3164728879928589,0,1,0.0000013709100130654406,1.4901199563155387e-7,0,2.980229965032777e-7,-0.3164728879928589,0.9486016035079956,0,-2.8324360847473145,1.9104739427566528,100.0093002319336,1]},{"time":1.6666669845581055,"weight":1,"matrix":[0.000001311300025008677,-0.9486016035079956,-0.3164728879928589,0,1,0.0000013709100130654406,1.6391300050599966e-7,0,2.831220058396866e-7,-0.3164728879928589,0.9486016035079956,0,-2.8324360847473145,1.9104739427566528,100.0093002319336,1]},{"time":1.7000000476837158,"weight":1,"matrix":[0.000001311300025008677,-0.9486016035079956,-0.3164728879928589,0,1,0.0000013709100130654406,1.4901199563155387e-7,0,2.980229965032777e-7,-0.3164728879928589,0.9486016035079956,0,-2.8324360847473145,1.9104739427566528,100.0093002319336,1]},{"time":1.7333329916000366,"weight":1,"matrix":[0.000001311300025008677,-0.9486016035079956,-0.3164728879928589,0,1,0.0000013709100130654406,1.6391300050599966e-7,0,2.831220058396866e-7,-0.3164728879928589,0.9486016035079956,0,-2.8324360847473145,1.9104739427566528,100.0093002319336,1]},{"time":1.7666670083999634,"weight":1,"matrix":[0.000001311300025008677,-0.9486016035079956,-0.3164728879928589,0,1,0.0000013709100130654406,1.4901199563155387e-7,0,2.980229965032777e-7,-0.3164728879928589,0.9486016035079956,0,-2.8324360847473145,1.9104739427566528,100.0093002319336,1]}],"targetName":"node-Bip001","target":null},{"interpolation":0,"keyframes":[{"time":0,"weight":1,"matrix":[-0.0865047499537468,-0.00017180900613311678,0.9962515234947205,0,0.9962512850761414,0.0006773539935238659,0.0865047499537468,0,-0.0006896770210005343,0.9999998211860657,0.00011257099686190486,0,0,0,0,1]},{"time":0.03333333879709244,"weight":1,"matrix":[-0.08788447827100754,0.00000859634019434452,0.9961307048797607,0,0.9961286187171936,0.002072572009637952,0.08788423985242844,0,-0.0020638098940253258,0.9999977946281433,-0.00019071499991696328,0,0,0,0,1]},{"time":0.06666667014360428,"weight":1,"matrix":[-0.09064412117004395,0.0003636050096247345,0.9958832263946533,0,0.9958717226982117,0.004863858222961426,0.09064126014709473,0,-0.004810869228094816,0.9999880790710449,-0.000802983995527029,0,0,0,0,1]},{"time":0.10000000149011612,"weight":1,"matrix":[-0.09271407127380371,0.0006247860146686435,0.9956926107406616,0,0.9956691265106201,0.006957888137549162,0.09270750731229782,0,-0.006870030891150236,0.9999756813049316,-0.0012671350268647075,0,0,0,0,1]},{"time":0.13333329558372498,"weight":1,"matrix":[-0.09202408045530319,0.0005382070085033774,0.9957566261291504,0,0.9957376718521118,0.006259799003601074,0.09201890230178833,0,-0.0061837430112063885,0.9999802708625793,-0.0011119239497929811,0,0,0,0,1]},{"time":0.16666670143604279,"weight":1,"matrix":[-0.08650469034910202,-0.00017180900613311678,0.9962515234947205,0,0.9962512254714966,0.0006773539935238659,0.0865047499537468,0,-0.0006896770210005343,0.9999998211860657,0.00011257099686190486,0,0,0,0,1]},{"time":0.20000000298023224,"weight":1,"matrix":[-0.07241760939359665,-0.0021249649580568075,0.9973722100257874,0,0.9972848296165466,-0.013558800332248211,0.07238239049911499,0,0.013369319960474968,0.9999058246612549,0.003101109992712736,0,0,0,0,1]},{"time":0.2333333045244217,"weight":1,"matrix":[-0.05116885155439377,-0.005455613136291504,0.9986751079559326,0,0.998088002204895,-0.03499972075223923,0.05094759911298752,0,0.03467540815472603,0.9993724226951599,0.00723606301471591,0,0,0,0,1]},{"time":0.2666667103767395,"weight":1,"matrix":[-0.028404830023646355,-0.00953966286033392,0.9995511174201965,0,0.9979336857795715,-0.057925641536712646,0.027806099504232407,0,0.057634349912405014,0.9982755184173584,0.011165319941937923,0,0,0,0,1]},{"time":0.30000001192092896,"weight":1,"matrix":[-0.009726344607770443,-0.013292900286614895,0.9998642802238464,0,0.9970163106918335,-0.0767027735710144,0.008678913116455078,0,0.07657700031995773,0.9969654083251953,0.013999279588460922,0,0,0,0,1]},{"time":0.3333333134651184,"weight":1,"matrix":[-0.0006553229759447277,-0.015247520059347153,0.9998834729194641,0,0.9963111877441406,-0.08581036329269409,-0.0006555619766004384,0,0.08581036329269409,0.9961947798728943,0.015247520059347153,0,0,0,0,1]},{"time":0.366666704416275,"weight":1,"matrix":[0.0016218420350924134,-0.01575189083814621,0.9998745918273926,0,0.9961075186729431,-0.08809559792280197,-0.003003536956384778,0,0.08813189715147018,0.9959874153137207,0.015547689981758595,0,0,0,0,1]},{"time":0.4000000059604645,"weight":1,"matrix":[0.0035898680798709393,-0.016192130744457245,0.9998624920845032,0,0.9959226846694946,-0.09007024019956589,-0.005034327041357756,0,0.09013932198286057,0.9958037734031677,0.01580280065536499,0,0,0,0,1]},{"time":0.43333330750465393,"weight":1,"matrix":[0.0052651758305728436,-0.01657015085220337,0.9998489022254944,0,0.995759129524231,-0.0917508602142334,-0.006764173042029142,0,0.09184908121824265,0.995644211769104,0.01601683907210827,0,0,0,0,1]},{"time":0.46666669845581055,"weight":1,"matrix":[0.0066644540056586266,-0.016888199374079704,0.9998350739479065,0,0.9956179261207581,-0.09315431118011475,-0.008209764026105404,0,0.09327757358551025,0.9955084919929504,0.01619333028793335,0,0,0,0,1]},{"time":0.5,"weight":1,"matrix":[0.007803915999829769,-0.017148669809103012,0.9998223781585693,0,0.9954996705055237,-0.09429717063903809,-0.009387612342834473,0,0.09444140642881393,0.9953963756561279,0.016335660591721535,0,0,0,0,1]},{"time":0.533333420753479,"weight":1,"matrix":[0.008700311183929443,-0.017354600131511688,0.9998117089271545,0,0.9954051971435547,-0.09519606083631516,-0.010314400307834148,0,0.09535712003707886,0.9953073859214783,0.016446590423583984,0,0,0,0,1]},{"time":0.5666667222976685,"weight":1,"matrix":[0.00936973001807928,-0.017508920282125473,0.999802827835083,0,0.9953333139419556,-0.0958673283457756,-0.011006769724190235,0,0.09604114294052124,0.9952402710914612,0.016528960317373276,0,0,0,0,1]},{"time":0.6000000238418579,"weight":1,"matrix":[0.009828506968915462,-0.01761496067047119,0.9997966289520264,0,0.9952836036682129,-0.09632735699415207,-0.01148128043860197,0,0.09650999307632446,0.9951938986778259,0.016585109755396843,0,0,0,0,1]},{"time":0.6333333253860474,"weight":1,"matrix":[0.010092910379171371,-0.01767617091536522,0.9997928738594055,0,0.9952545166015625,-0.096592478454113,-0.011754870414733887,0,0.09678024053573608,0.995167076587677,0.016617409884929657,0,0,0,0,1]},{"time":0.6666666865348816,"weight":1,"matrix":[0.010179219767451286,-0.0176961999386549,0.9997916221618652,0,0.9952449798583984,-0.09667903184890747,-0.011844090186059475,0,0.09686844795942307,0.995158314704895,0.016627900302410126,0,0,0,0,1]},{"time":0.699999988079071,"weight":1,"matrix":[0.010103579610586166,-0.017678609117865562,0.9997926950454712,0,0.9952535033226013,-0.0966031476855278,-0.011765889823436737,0,0.09679108113050461,0.995166003704071,0.01661865971982479,0,0,0,0,1]},{"time":0.7333332896232605,"weight":1,"matrix":[0.009882152080535889,-0.017627349123358727,0.9997957944869995,0,0.9952777028083801,-0.09638117998838425,-0.011536769568920135,0,0.09656482189893723,0.9951884746551514,0.016591660678386688,0,0,0,0,1]},{"time":0.7666667103767395,"weight":1,"matrix":[0.009531079791486263,-0.017546169459819794,0.9998006224632263,0,0.995315670967102,-0.09602916240692139,-0.011173659935593605,0,0.09620606154203415,0.995223879814148,0.016548750922083855,0,0,0,0,1]},{"time":0.800000011920929,"weight":1,"matrix":[0.009066580794751644,-0.01743900030851364,0.9998068809509277,0,0.9953659176826477,-0.09556341171264648,-0.010693189688026905,0,0.09573142975568771,0.9952706098556519,0.016491709277033806,0,0,0,0,1]},{"time":0.8333333134651184,"weight":1,"matrix":[0.008504807017743587,-0.017309600487351418,0.999813973903656,0,0.9954258799552917,-0.09499996155500412,-0.010112159885466099,0,0.09515737742185593,0.995326817035675,0.016422510147094727,0,0,0,0,1]},{"time":0.8666666746139526,"weight":1,"matrix":[0.007861793041229248,-0.017161959782242775,0.9998220205307007,0,0.99549400806427,-0.09435521811246872,-0.009447394870221615,0,0.09450054168701172,0.995390772819519,0.016342809423804283,0,0,0,0,1]},{"time":0.8999999761581421,"weight":1,"matrix":[0.0071537490002810955,-0.016999900341033936,0.9998300075531006,0,0.9955676198005676,-0.09364514797925949,-0.008715510368347168,0,0.09377735108137131,0.9954606294631958,0.016254600137472153,0,0,0,0,1]},{"time":0.9333332777023315,"weight":1,"matrix":[0.006397007964551449,-0.01682722009718418,0.9998379945755005,0,0.9956452250480652,-0.09288609027862549,-0.007933378219604492,0,0.09300451725721359,0.9955344796180725,0.016159769147634506,0,0,0,0,1]},{"time":0.966666579246521,"weight":1,"matrix":[0.005607484839856625,-0.01664775051176548,0.9998456835746765,0,0.9957249164581299,-0.09209418296813965,-0.00711774779483676,0,0.09219849109649658,0.9956111907958984,0.01606016978621483,0,0,0,0,1]},{"time":1,"weight":1,"matrix":[0.004801510833203793,-0.016465239226818085,0.9998528957366943,0,0.9958049058914185,-0.09128575772047043,-0.006285308860242367,0,0.09137576073408127,0.9956886172294617,0.015957890078425407,0,0,0,0,1]},{"time":1.0333329439163208,"weight":1,"matrix":[0.003995238803327084,-0.01628332957625389,0.9998595118522644,0,0.9958838224411011,-0.09047693014144897,-0.005452810786664486,0,0.09055297821760178,0.9957656264305115,0.01585482992231846,0,0,0,0,1]},{"time":1.0666669607162476,"weight":1,"matrix":[0.003204822074621916,-0.016105709597468376,0.9998652935028076,0,0.9959595203399658,-0.08968400210142136,-0.0046370020136237144,0,0.08974658697843552,0.9958400726318359,0.01575320027768612,0,0,0,0,1]},{"time":1.100000023841858,"weight":1,"matrix":[0.002446650993078947,-0.01593589037656784,0.9998701810836792,0,0.9960311055183411,-0.08892332762479782,-0.0038545720744878054,0,0.08897321671247482,0.9959110021591187,0.015655100345611572,0,0,0,0,1]},{"time":1.1333329677581787,"weight":1,"matrix":[0.0017368789995089173,-0.015777520835399628,0.9998741149902344,0,0.9960969090461731,-0.08821111172437668,-0.003122270107269287,0,0.08824925869703293,0.9959768056869507,0.015562710352241993,0,0,0,0,1]},{"time":1.1666669845581055,"weight":1,"matrix":[0.0010916589526459575,-0.015634000301361084,0.9998772144317627,0,0.9961559772491455,-0.08756369352340698,-0.002456784015521407,0,0.08759135007858276,0.996036171913147,0.01547824963927269,0,0,0,0,1]},{"time":1.2000000476837158,"weight":1,"matrix":[0.0005273820133879781,-0.015508770011365414,0.9998795986175537,0,0.9962068796157837,-0.0869973823428154,-0.0018748639849945903,0,0.08701597899198532,0.996087908744812,0.015404099598526955,0,0,0,0,1]},{"time":1.2333329916000366,"weight":1,"matrix":[0.00006017089981469326,-0.015405409969389439,0.9998813271522522,0,0.9962484240531921,-0.08652853220701218,-0.0013931390130892396,0,0.08653967827558517,0.9961302280426025,0.015342409722507,0,0,0,0,1]},{"time":1.2666670083999634,"weight":1,"matrix":[-0.00029367199749685824,-0.01532727014273405,0.9998824000358582,0,0.9962794780731201,-0.0861734077334404,-0.0010284179588779807,0,0.08617907017469406,0.9961621761322021,0.015295559540390968,0,0,0,0,1]},{"time":1.2999999523162842,"weight":1,"matrix":[-0.0005178750143386424,-0.015277859754860401,0.9998831748962402,0,0.9962993860244751,-0.0859484001994133,-0.0007972720195539296,0,0.08595048636198044,0.9961825013160706,0.015265819616615772,0,0,0,0,1]},{"time":1.3333330154418945,"weight":1,"matrix":[-0.0005961949937045574,-0.015260569751262665,0.9998834133148193,0,0.9963061213493347,-0.08586978167295456,-0.0007165370043367147,0,0.08587068319320679,0.9961894750595093,0.015255389735102654,0,0,0,0,1]},{"time":1.3666670322418213,"weight":1,"matrix":[-0.0006013510283082724,-0.015259440056979656,0.9998834729194641,0,0.9963065981864929,-0.08586466312408447,-0.0007112619932740927,0,0.08586549013853073,0.9961900115013123,0.015254730358719826,0,0,0,0,1]},{"time":1.399999976158142,"weight":1,"matrix":[-0.0006138979806564748,-0.015256700105965137,0.9998834729194641,0,0.9963076710700989,-0.08585201948881149,-0.0006982979830354452,0,0.08585268259048462,0.9961910843849182,0.015253059566020966,0,0,0,0,1]},{"time":1.4333330392837524,"weight":1,"matrix":[-0.0006297830259427428,-0.015253179706633091,0.9998834133148193,0,0.9963091015815735,-0.08583605289459229,-0.0006818469846621156,0,0.08583647012710571,0.9961925148963928,0.015250920318067074,0,0,0,0,1]},{"time":1.4666670560836792,"weight":1,"matrix":[-0.0006450120126828551,-0.01524983998388052,0.9998834133148193,0,0.9963104128837585,-0.08582078665494919,-0.0006662009982392192,0,0.08582097291946411,0.9961938858032227,0.015248890034854412,0,0,0,0,1]},{"time":1.5,"weight":1,"matrix":[-0.000655353011097759,-0.015247520059347153,0.9998834729194641,0,0.9963113069534302,-0.08581042289733887,-0.0006555619766004384,0,0.08581042289733887,0.9961947798728943,0.015247520059347153,0,0,0,0,1]},{"time":1.5333329439163208,"weight":1,"matrix":[-0.0006590490229427814,-0.015246739611029625,0.9998835921287537,0,0.9963117241859436,-0.08580666035413742,-0.0006517170113511384,0,0.08580660074949265,0.9961950778961182,0.015247040428221226,0,0,0,0,1]},{"time":1.5666669607162476,"weight":1,"matrix":[-0.0006586610106751323,-0.015246800146996975,0.9998837113380432,0,0.996311604976654,-0.08580707758665085,-0.0006521639879792929,0,0.08580701798200607,0.9961950778961182,0.015247100032866001,0,0,0,0,1]},{"time":1.600000023841858,"weight":1,"matrix":[-0.0006565750227309763,-0.015247279778122902,0.9998834133148193,0,0.9963113069534302,-0.08580917119979858,-0.0006543400231748819,0,0.08580911159515381,0.9961950182914734,0.015247340314090252,0,0,0,0,1]},{"time":1.6333329677581787,"weight":1,"matrix":[-0.000655353011097759,-0.015247520059347153,0.9998834729194641,0,0.9963113069534302,-0.08581042289733887,-0.0006555619766004384,0,0.08581042289733887,0.9961947798728943,0.015247520059347153,0,0,0,0,1]},{"time":1.6666669845581055,"weight":1,"matrix":[-0.000655353011097759,-0.015247520059347153,0.9998834729194641,0,0.9963113069534302,-0.08581036329269409,-0.0006555619766004384,0,0.08581042289733887,0.9961947798728943,0.015247520059347153,0,0,0,0,1]},{"time":1.7000000476837158,"weight":1,"matrix":[-0.000655353011097759,-0.015247520059347153,0.9998834729194641,0,0.9963113069534302,-0.08581042289733887,-0.0006555619766004384,0,0.08581042289733887,0.9961947798728943,0.015247520059347153,0,0,0,0,1]},{"time":1.7333329916000366,"weight":1,"matrix":[-0.000655353011097759,-0.015247520059347153,0.9998834729194641,0,0.9963113069534302,-0.08581036329269409,-0.0006555619766004384,0,0.08581042289733887,0.9961947798728943,0.015247520059347153,0,0,0,0,1]},{"time":1.7666670083999634,"weight":1,"matrix":[-0.000655353011097759,-0.015247520059347153,0.9998834729194641,0,0.9963113069534302,-0.08581042289733887,-0.0006555619766004384,0,0.08581042289733887,0.9961947798728943,0.015247520059347153,0,0,0,0,1]}],"targetName":"node-Bip001_Pelvis","target":null},{"interpolation":0,"keyframes":[{"time":0,"weight":1,"matrix":[0.9399427771568298,-0.33945930004119873,-0.03570222109556198,0,0.33113908767700195,0.9322432279586792,-0.1458398997783661,0,0.08278989046812057,0.12525880336761475,0.9886637926101685,0,10.865150451660156,0.9306144714355469,0.0032973280176520348,1]},{"time":0.03333333879709244,"weight":1,"matrix":[0.9450023174285889,-0.3246575891971588,-0.03959779813885689,0,0.31626391410827637,0.937931478023529,-0.1423434019088745,0,0.08335285633802414,0.12199140340089798,0.9890249967575073,0,10.86404037475586,0.945585310459137,-0.00006151200068416074,1]},{"time":0.06666667014360428,"weight":1,"matrix":[0.951002299785614,-0.3060219883918762,-0.04410301893949509,0,0.2975422143936157,0.9446098208427429,-0.13849520683288574,0,0.08404272049665451,0.1185866966843605,0.9893804788589478,0,10.861590385437012,0.9755715727806091,-0.006796360015869141,1]},{"time":0.10000000149011612,"weight":1,"matrix":[0.9564734101295471,-0.2877331078052521,-0.04866689071059227,0,0.27919110655784607,0.950795590877533,-0.13431349396705627,0,0.08491872996091843,0.11487989872694016,0.9897431135177612,0,10.859789848327637,0.9980239868164062,-0.011919969692826271,1]},{"time":0.13333329558372498,"weight":1,"matrix":[0.96027010679245,-0.27405720949172974,-0.05266755074262619,0,0.26552340388298035,0.9553210735321045,-0.12984129786491394,0,0.08589839190244675,0.11069820076227188,0.9901348948478699,0,10.860679626464844,0.9904499053955078,-0.01029014028608799,1]},{"time":0.16666670143604279,"weight":1,"matrix":[0.9614545106887817,-0.26930850744247437,-0.05548280104994774,0,0.26089999079704285,0.9572190046310425,-0.1251527965068817,0,0.08681385964155197,0.10585329681634903,0.9905847907066345,0,10.866140365600586,0.9302588105201721,0.0030040740966796875,1]},{"time":0.20000000298023224,"weight":1,"matrix":[0.9588218927383423,-0.2782182991504669,-0.05705605819821358,0,0.2701348066329956,0.9554129242897034,-0.11922039836645126,0,0.08768147230148315,0.09889829158782959,0.9912269711494446,0,10.878230094909668,0.7761994004249573,0.035527221858501434,1]},{"time":0.2333333045244217,"weight":1,"matrix":[0.9528329968452454,-0.2978717088699341,-0.058153800666332245,0,0.29025909304618835,0.950362503528595,-0.11207559704780579,0,0.08865135163068771,0.08990967273712158,0.9919965267181396,0,10.892169952392578,0.5424023270606995,0.08054149150848389,1]},{"time":0.2666667103767395,"weight":1,"matrix":[0.9451755285263062,-0.32114121317863464,-0.05925910919904709,0,0.31398579478263855,0.9435613751411438,-0.10537979751825333,0,0.08975642174482346,0.08099590986967087,0.9926648139953613,0,10.901390075683594,0.2900027930736542,0.1233178973197937,1]},{"time":0.30000001192092896,"weight":1,"matrix":[0.9381095767021179,-0.34104830026626587,-0.06030188873410225,0,0.334208607673645,0.9371029138565063,-0.10071159899234772,0,0.09085661172866821,0.0743250772356987,0.993086576461792,0,10.904529571533203,0.0814056321978569,0.15417230129241943,1]},{"time":0.3333333134651184,"weight":1,"matrix":[0.9344751238822937,-0.35081571340560913,-0.06070131063461304,0,0.34404420852661133,0.9336618185043335,-0.09954512119293213,0,0.09159653633832932,0.0721384808421135,0.9931796789169312,0,10.904589653015137,-0.020389549434185028,0.16777560114860535,1]},{"time":0.366666704416275,"weight":1,"matrix":[0.933626115322113,-0.353078693151474,-0.06064397096633911,0,0.3462739884853363,0.9327960014343262,-0.09992872923612595,0,0.09185122698545456,0.07229667156934738,0.9931448101997375,0,10.904459953308105,-0.045999519526958466,0.17105479538440704,1]},{"time":0.4000000059604645,"weight":1,"matrix":[0.9329028129577637,-0.3549642860889435,-0.06076722964644432,0,0.3482232093811035,0.9321559071540833,-0.099125437438488,0,0.0918305516242981,0.07131379097700119,0.9932177066802979,0,10.904290199279785,-0.06814383715391159,0.1738280951976776,1]},{"time":0.43333330750465393,"weight":1,"matrix":[0.9322978258132935,-0.3565056025981903,-0.06102912873029709,0,0.34990501403808594,0.931708812713623,-0.09739208221435547,0,0.09158223122358322,0.06944400072097778,0.9933732151985168,0,10.904120445251465,-0.08701132982969284,0.17613789439201355,1]},{"time":0.46666669845581055,"weight":1,"matrix":[0.9318032264709473,-0.3577350974082947,-0.06138794869184494,0,0.35133060812950134,0.9314208030700684,-0.09498482197523117,0,0.09115742892026901,0.06693971157073975,0.9935842156410217,0,10.903969764709473,-0.102783203125,0.17802999913692474,1]},{"time":0.5,"weight":1,"matrix":[0.9314103722572327,-0.35868561267852783,-0.06180226057767868,0,0.3525119125843048,0.9312583804130554,-0.09216039627790451,0,0.09061049669981003,0.06405311077833176,0.9938244223594666,0,10.903820037841797,-0.11563300341367722,0.17954249680042267,1]},{"time":0.533333420753479,"weight":1,"matrix":[0.9311105012893677,-0.35938918590545654,-0.062231358140707016,0,0.3534596860408783,0.9311894774436951,-0.0891755223274231,0,0.08999793976545334,0.06103593111038208,0.9940698146820068,0,10.903670310974121,-0.12574000656604767,0.18071170151