{"asset":{"unit":{"name":"meter","meter":1},"upAxis":"Y_UP","title":null,"subject":null,"created":"Thu Aug 01 2013 13:19:20 GMT+0400 (Московское время (зима))","modified":"Thu Aug 01 2013 13:19:20 GMT+0400 (Московское время (зима))","contributor":{"author":null,"authoringTool":"Akra Engine exporter;Version 0.0.1;Browser Chrome, 30.0.1582.0 (Windows)","comments":null,"copyright":null,"sourceData":null},"keywords":null},"library":[{"type":2,"animations":[1928,1940,1950,1979,2015],"options":0,"name":"gun_draw","guid":1908},{"name":"gun_draw_frw.DAE","targets":[{"name":"node-Bip001","target":null},{"name":"node-Bip001_Pelvis","target":null},{"name":"node-Bip001_Spine","target":null},{"name":"node-Bip001_Spine1","target":null},{"name":"node-Bip001_Spine2","target":null},{"name":"node-Bip001_Neck","target":null},{"name":"node-Bip001_Head","target":null},{"name":"node-Bone022","target":null},{"name":"node-Bone023","target":null},{"name":"node-Bone024","target":null},{"name":"node-Bone026","target":null},{"name":"node-Bone027","target":null},{"name":"node-Bone028","target":null},{"name":"node-Bone029","target":null},{"name":"node-Bone030","target":null},{"name":"node-Bone_hair02","target":null},{"name":"node-Bone_hair03","target":null},{"name":"node-Bip001_L_Clavicle","target":null},{"name":"node-Bip001_L_UpperArm","target":null},{"name":"node-Bip001_L_Forearm","target":null},{"name":"node-Bip001_L_Hand","target":null},{"name":"node-Bip001_L_Finger0","target":null},{"name":"node-Bip001_L_Finger01","target":null},{"name":"node-Bip001_L_Finger1","target":null},{"name":"node-Bip001_L_Finger11","target":null},{"name":"node-Bip001_L_Finger12","target":null},{"name":"node-Bip001_L_Finger2","target":null},{"name":"node-Bip001_L_Finger21","target":null},{"name":"node-Bip001_L_Finger22","target":null},{"name":"node-Bip001_L_Finger3","target":null},{"name":"node-Bip001_L_Finger31","target":null},{"name":"node-Bip001_L_Finger32","target":null},{"name":"node-Bip001_L_Finger4","target":null},{"name":"node-Bip001_L_Finger41","target":null},{"name":"node-Bip001_L_Finger42","target":null},{"name":"node-Bip001_L_ForeTwist","target":null},{"name":"node-Bip001_L_ForeTwist1","target":null},{"name":"node-Bip001_LUpArmTwist","target":null},{"name":"node-Bip001_R_Clavicle","target":null},{"name":"node-Bip001_R_UpperArm","target":null},{"name":"node-Bip001_R_Forearm","target":null},{"name":"node-Bip001_R_Hand","target":null},{"name":"node-Bip001_R_Finger0","target":null},{"name":"node-Bip001_R_Finger01","target":null},{"name":"node-Bip001_R_Finger02","target":null},{"name":"node-Bip001_R_Finger1","target":null},{"name":"node-Bip001_R_Finger11","target":null},{"name":"node-Bip001_R_Finger12","target":null},{"name":"node-Bip001_R_Finger2","target":null},{"name":"node-Bip001_R_Finger21","target":null},{"name":"node-Bip001_R_Finger22","target":null},{"name":"node-Bip001_R_Finger3","target":null},{"name":"node-Bip001_R_Finger31","target":null},{"name":"node-Bip001_R_Finger32","target":null},{"name":"node-Bip001_R_Finger4","target":null},{"name":"node-Bip001_R_Finger41","target":null},{"name":"node-Bip001_R_Finger42","target":null},{"name":"node-Bip001_R_ForeTwist","target":null},{"name":"node-Bip001_R_ForeTwist1","target":null},{"name":"node-Bip001_RUpArmTwist","target":null},{"name":"node-Bone_backpack","target":null},{"name":"node-Bone009","target":null},{"name":"node-Bone010","target":null},{"name":"node-Bone011","target":null},{"name":"node-Bone012","target":null},{"name":"node-Bone013","target":null},{"name":"node-Bone_knife","target":null},{"name":"node-Bip001_L_Thigh","target":null},{"name":"node-Bip001_L_Calf","target":null},{"name":"node-Bip001_L_Foot","target":null},{"name":"node-Bip001_L_Toe0","target":null},{"name":"node-Bip001_LCalfTwist","target":null},{"name":"node-Bip001_LCalfTwist1","target":null},{"name":"node-Bip001_R_Thigh","target":null},{"name":"node-Bip001_R_Calf","target":null},{"name":"node-Bip001_R_Foot","target":null},{"name":"node-Bip001_R_Toe0","target":null},{"name":"node-Bip001_RCalfTwist","target":null},{"name":"node-Bip001_RCalfTwist1","target":null},{"name":"node-Bip001_LThighTwist","target":null},{"name":"node-Bip001_RThighTwist","target":null},{"name":"node-Bip001_RUpArmTwist1","target":null},{"name":"node-Bip001_LUpArmTwist1","target":null},{"name":"node-Bip001_L_Finger02","target":null},{"name":"node-Bone_hair01","target":null},{"name":"node-Bone025","target":null},{"name":"node-Bone_lip_r","target":null},{"name":"node-Bone_lip_u","target":null},{"name":"node-Bone_lip_l","target":null},{"name":"node-Bone0_eyeL_liddown","target":null},{"name":"node-Bone0_eyeL","target":null},{"name":"node-Bone0_eyeL_lidup","target":null},{"name":"node-Bone_eyeR_liddown","target":null},{"name":"node-Bone_eyeR","target":null},{"name":"node-Bone_eyeR_lidup","target":null},{"name":"node-Bone_brow","target":null},{"name":"node-Bone_nose","target":null},{"name":"node-Bone_jaw","target":null},{"name":"node-Bone_lip_d","target":null},{"name":"node-Bip001_RThighTwist1","target":null},{"name":"node-Bip001_LThighTwist1","target":null},{"name":"node-Bone_holsterR","target":null},{"name":"node-Dummy01","target":null},{"name":"node-Object025","target":null},{"name":"node-Bone_holsterL","target":null},{"name":"node-Bone_knifes","target":null},{"name":"node-Bone006","target":null},{"name":"node-Dummy05","target":null},{"name":"node-Dummy02","target":null},{"name":"node-Dummy03","target":null},{"name":"node-Mesh001","target":null},{"name":"node-Dummy04","target":null},{"name":"node-Mesh003","target":null},{"name":"node-Mesh002","target":null}],"type":3,"extra":{"graph":{"x":6,"y":70}},"tracks":[{"interpolation":0,"keyframes":[{"time":0,"weight":1,"matrix":[0.0000011920900533368695,-0.9486017227172852,-0.3164728879928589,0,1,0.000001251700041393633,1.4901199563155387e-7,0,2.831220058396866e-7,-0.3164728879928589,0.9486016035079956,0,-2.8324360847473145,1.9104739427566528,100.0093002319336,1]},{"time":0.03333333879709244,"weight":1,"matrix":[-0.0157392006367445,-0.9484841227531433,-0.31643369793891907,0,0.9998762011528015,-0.01493011973798275,-0.004981278907507658,0,2.980229965032777e-7,-0.3164728879928589,0.9486016035079956,0,-2.5589609146118164,1.9574530124664307,99.55106353759766,1]},{"time":0.06666667014360428,"weight":1,"matrix":[-0.03145742043852806,-0.9481320977210999,-0.3163161873817444,0,0.9995051026344299,-0.029840460047125816,-0.00995564367622137,0,2.980229965032777e-7,-0.3164727985858917,0.9486016035079956,0,-2.289367914199829,2.003725051879883,99.02227020263672,1]},{"time":0.10000000149011612,"weight":1,"matrix":[-0.04716765135526657,-0.9475457072257996,-0.3161205053329468,0,0.9988868236541748,-0.044743288308382034,-0.014927560463547707,0,2.980229965032777e-7,-0.3164727985858917,0.9486016035079956,0,-2.0197761058807373,2.049997091293335,98.49352264404297,1]},{"time":0.13333329558372498,"weight":1,"matrix":[-0.06288491934537888,-0.9467241168022156,-0.3158465027809143,0,0.9980208277702332,-0.05965255945920944,-0.01990162953734398,0,2.980229965032777e-7,-0.3164727985858917,0.9486016035079956,0,-1.7462999820709229,2.0969760417938232,98.03531646728516,1]},{"time":0.16666670143604279,"weight":1,"matrix":[-0.07862316817045212,-0.9456651210784912,-0.3154931962490082,0,0.9969044923782349,-0.07458198070526123,-0.024882309138774872,0,2.980229965032777e-7,-0.3164727985858917,0.9486016035079956,0,-1.4650609493255615,2.1453700065612793,97.71826934814453,1]},{"time":0.20000000298023224,"weight":1,"matrix":[-0.09439647197723389,-0.9443657994270325,-0.31505969166755676,0,0.9955347180366516,-0.08954452723264694,-0.029874200001358986,0,2.980229965032777e-7,-0.3164728879928589,0.9486016035079956,0,-1.1721750497817993,2.1958870887756348,97.61295318603516,1]},{"time":0.2333333045244217,"weight":1,"matrix":[-0.11149899661540985,-0.9426866173744202,-0.3144994080066681,0,0.9937645792961121,-0.10576800256967545,-0.035286661237478256,0,2.980229965032777e-7,-0.3164727985858917,0.9486016035079956,0,-0.8603062033653259,2.2496109008789062,97.90796661376953,1]},{"time":0.2666667103767395,"weight":1,"matrix":[-0.12991109490394592,-0.940562903881073,-0.313790887594223,0,0.9915257096290588,-0.12323389947414398,-0.041113611310720444,0,3.1292398716686876e-7,-0.3164727985858917,0.9486016035079956,0,-0.5309818983078003,2.306265115737915,98.57557678222656,1]},{"time":0.30000001192092896,"weight":1,"matrix":[-0.14768770337104797,-0.9381994009017944,-0.31300240755081177,0,0.989034116268158,-0.14009669423103333,-0.04673938825726509,0,3.1292398716686876e-7,-0.3164728879928589,0.9486016035079956,0,-0.19361400604248047,2.3645100593566895,99.36177062988281,1]},{"time":0.3333333134651184,"weight":1,"matrix":[-0.1629021018743515,-0.9359303712844849,-0.3122453987598419,0,0.9866423010826111,-0.15452900528907776,-0.05155431851744652,0,2.831220058396866e-7,-0.3164727985858917,0.9486016035079956,0,0.14238449931144714,2.4230079650878906,100.01260375976562,1]},{"time":0.366666704416275,"weight":1,"matrix":[-0.17364689707756042,-0.9341905117034912,-0.3116649091243744,0,0.9848080277442932,-0.16472159326076508,-0.054954759776592255,0,2.831220058396866e-7,-0.3164727985858917,0.9486016035079956,0,0.467602014541626,2.4804201126098633,100.2739028930664,1]},{"time":0.4000000059604645,"weight":1,"matrix":[-0.18079960346221924,-0.9329686164855957,-0.3112573027610779,0,0.983519971370697,-0.1715065985918045,-0.05721842870116234,0,2.980229965032777e-7,-0.3164727985858917,0.9486016035079956,0,0.8697192072868347,2.6299710273742676,100.22329711914062,1]},{"time":0.43333330750465393,"weight":1,"matrix":[-0.18565219640731812,-0.9321107268333435,-0.31097111105918884,0,0.9826157093048096,-0.1761098951101303,-0.05875413864850998,0,2.831220058396866e-7,-0.3164727985858917,0.9486016035079956,0,1.355010986328125,2.872554063796997,100.11270141601562,1]},{"time":0.46666669845581055,"weight":1,"matrix":[-0.18693169951438904,-0.9318804740905762,-0.31089431047439575,0,0.9823728799819946,-0.17732350528240204,-0.059159040451049805,0,2.682209867543861e-7,-0.3164727985858917,0.9486016035079956,0,1.7919549942016602,3.0683300495147705,99.950439453125,1]},{"time":0.5,"weight":1,"matrix":[-0.18336060643196106,-0.9325187802314758,-0.31110718846321106,0,0.9830458164215088,-0.17393609881401062,-0.0580289289355278,0,2.831220058396866e-7,-0.3164727985858917,0.9486016035079956,0,2.0490310192108154,3.0774641036987305,99.74468231201172,1]},{"time":0.533333420753479,"weight":1,"matrix":[-0.17364689707756042,-0.9341905117034912,-0.3116649091243744,0,0.9848080277442932,-0.16472159326076508,-0.054954759776592255,0,2.831220058396866e-7,-0.3164727985858917,0.9486016035079956,0,1.994717001914978,2.7601161003112793,99.50363159179688,1]},{"time":0.5666667222976685,"weight":1,"matrix":[-0.15749840438365936,-0.936762273311615,-0.3125230073928833,0,0.9875192046165466,-0.14940319955348969,-0.049844201654195786,0,2.831220058396866e-7,-0.3164728879928589,0.9486016035079956,0,1.6184380054473877,2.1143929958343506,99.2354965209961,1]},{"time":0.6000000238418579,"weight":1,"matrix":[-0.1365423947572708,-0.939717173576355,-0.3135088086128235,0,0.9906342029571533,-0.12952420115470886,-0.04321223124861717,0,2.831220058396866e-7,-0.3164728879928589,0.9486016035079956,0,1.0422910451889038,1.2733190059661865,98.94847106933594,1]},{"time":0.6333333253860474,"weight":1,"matrix":[-0.11236219853162766,-0.9425944089889526,-0.31446871161460876,0,0.9936674237251282,-0.10658690333366394,-0.03555982932448387,0,2.682209867543861e-7,-0.3164727985858917,0.9486016035079956,0,0.33376508951187134,0.299436092376709,98.65077209472656,1]},{"time":0.6666666865348816,"weight":1,"matrix":[-0.08656632155179977,-0.9450405836105347,-0.315284788608551,0,0.9962460994720459,-0.08211684226989746,-0.02739614062011242,0,2.831220058396866e-7,-0.3164727985858917,0.9486016035079956,0,-0.4396507143974304,-0.7447159290313721,98.35059356689453,1]},{"time":0.699999988079071,"weight":1,"matrix":[-0.06078600138425827,-0.9468473792076111,-0.31588760018348694,0,0.9981508255004883,-0.05766164883971214,-0.019237330183386803,0,2.682209867543861e-7,-0.3164727985858917,0.9486016035079956,0,-1.210468053817749,-1.7965949773788452,98.05612182617188,1]},{"time":0.7333332896232605,"weight":1,"matrix":[-0.03666627034544945,-0.9479637145996094,-0.3162600100040436,0,0.9993276000022888,-0.034781571477651596,-0.011604130268096924,0,3.1292398716686876e-7,-0.3164727985858917,0.9486016035079956,0,-1.9111969470977783,-2.793661117553711,97.77558898925781,1]},{"time":0.7666667103767395,"weight":1,"matrix":[-0.015856020152568817,-0.9484822750091553,-0.3164331018924713,0,0.9998742938041687,-0.015040989965200424,-0.005018292926251888,0,3.1292398716686876e-7,-0.3164727985858917,0.9486016035079956,0,-2.474349021911621,-3.6733710765838623,97.51718139648438,1]},{"time":0.800000011920929,"weight":1,"matrix":[0.0000011920900533368695,-0.9486017227172852,-0.3164728879928589,0,1,0.000001251700041393633,1.4901199563155387e-7,0,2.831220058396866e-7,-0.3164728879928589,0.9486016035079956,0,-2.8324360847473145,-4.373186111450195,97.28910064697266,1]},{"time":0.8333333134651184,"weight":1,"matrix":[0.010350280441343784,-0.9485508799552917,-0.3164559006690979,0,0.9999464750289917,0.00981837511062622,0.0032753339037299156,0,2.682209867543861e-7,-0.3164728879928589,0.9486016035079956,0,-2.72448992729187,-4.736250877380371,97.09828186035156,1]},{"time":0.8666666746139526,"weight":1,"matrix":[0.016406770795583725,-0.9484738707542419,-0.31643030047416687,0,0.9998654127120972,0.01556359976530075,0.0051919808611273766,0,2.831220058396866e-7,-0.3164727985858917,0.9486016035079956,0,-2.142314910888672,-4.746915817260742,96.94140625,1]},{"time":0.8999999761581421,"weight":1,"matrix":[0.01919054053723812,-0.9484269022941589,-0.3164145052433014,0,0.999815821647644,0.01820426993072033,0.006072998046875,0,2.831220058396866e-7,-0.3164727985858917,0.9486016035079956,0,-1.3975869417190552,-4.554450035095215,96.8113021850586,1]},{"time":0.9333332777023315,"weight":1,"matrix":[0.019722040742635727,-0.9484171271324158,-0.3164112865924835,0,0.9998055100440979,0.01870846003293991,0.006241201888769865,0,2.980229965032777e-7,-0.3164727985858917,0.9486016035079956,0,-0.8019772171974182,-4.30811882019043,96.70079040527344,1]},{"time":0.966666579246521,"weight":1,"matrix":[0.01902049034833908,-0.9484300017356873,-0.31641560792922974,0,0.9998190999031067,0.018042920157313347,0.006019175052642822,0,2.980229965032777e-7,-0.3164728879928589,0.9486016035079956,0,-0.38725849986076355,-3.906147003173828,96.6249771118164,1]},{"time":1,"weight":1,"matrix":[0.018105560913681984,-0.9484460949897766,-0.3164210021495819,0,0.9998362064361572,0.017175069078803062,0.005729615222662687,0,3.1292398716686876e-7,-0.3164727985858917,0.9486016035079956,0,-0.05294470861554146,-3.3199610710144043,96.5882568359375,1]},{"time":1.0333329439163208,"weight":1,"matrix":[0.017996899783611298,-0.9484480023384094,-0.31642159819602966,0,0.99983811378479,0.017071960493922234,0.005695222876966,0,2.831220058396866e-7,-0.3164727985858917,0.9486016035079956,0,0.08768271654844284,-2.8086280822753906,96.56739807128906,1]},{"time":1.0666669607162476,"weight":1,"matrix":[0.017900880426168442,-0.9484494924545288,-0.31642210483551025,0,0.999839723110199,0.016980880871415138,0.005664824973791838,0,2.831220058396866e-7,-0.3164727985858917,0.9486016035079956,0,-0.17485949397087097,-2.3403100967407227,96.55567932128906,1]},{"time":1.100000023841858,"weight":1,"matrix":[0.01662730984389782,-0.948470413684845,-0.31642910838127136,0,0.9998617172241211,0.015772750601172447,0.005261777900159359,0,2.980229965032777e-7,-0.3164727985858917,0.9486016035079956,0,-0.6310880184173584,-1.9468469619750977,96.55982971191406,1]},{"time":1.1333329677581787,"weight":1,"matrix":[0.014600570313632488,-0.9485005140304565,-0.31643909215927124,0,0.9998934268951416,0.01385021023452282,0.004620372783392668,0,2.980229965032777e-7,-0.3164727985858917,0.9486016035079956,0,-0.7658377289772034,-1.9828189611434937,96.57672119140625,1]},{"time":1.1666669845581055,"weight":1,"matrix":[0.012245469726622105,-0.948530375957489,-0.3164491057395935,0,0.9999250173568726,0.011616170406341553,0.0038750169333070517,0,3.1292398716686876e-7,-0.3164727985858917,0.9486016035079956,0,-0.2800075113773346,-2.8160579204559326,96.61570739746094,1]},{"time":1.2000000476837158,"weight":1,"matrix":[0.009986340068280697,-0.948554277420044,-0.31645700335502625,0,0.9999501705169678,0.009473145008087158,0.00316011905670166,0,2.831220058396866e-7,-0.3164727985858917,0.9486016035079956,0,0.5273007750511169,-4.078732013702393,96.66744232177734,1]},{"time":1.2333329916000366,"weight":1,"matrix":[0.00824797060340643,-0.9485692977905273,-0.31646209955215454,0,0.999966025352478,0.007824121974408627,0.002609908115118742,0,3.1292398716686876e-7,-0.3164727985858917,0.9486016035079956,0,1.27395498752594,-5.021931171417236,96.70079040527344,1]},{"time":1.2666670083999634,"weight":1,"matrix":[0.006981431972235441,-0.948578417301178,-0.3164651095867157,0,0.9999756217002869,0.00662273121997714,0.0022090671118348837,0,3.278260010119993e-7,-0.3164727985858917,0.9486016035079956,0,1.8711990118026733,-5.494134902954102,96.71037292480469,1]},{"time":1.2999999523162842,"weight":1,"matrix":[0.005837022792547941,-0.9485853910446167,-0.3164674937725067,0,0.999983012676239,0.005537092220038176,0.0018469090573489666,0,3.1292398716686876e-7,-0.3164727985858917,0.9486016035079956,0,2.4723260402679443,-5.860445022583008,96.71305084228516,1]},{"time":1.3333330154418945,"weight":1,"matrix":[0.004788755904883146,-0.9485908150672913,-0.31646931171417236,0,0.9999886155128479,0.004542707931250334,0.0015152089763432741,0,3.1292398716686876e-7,-0.3164727985858917,0.9486016035079956,0,3.058293104171753,-6.1468892097473145,96.71114349365234,1]},{"time":1.3666670322418213,"weight":1,"matrix":[0.003810524009168148,-0.9485948085784912,-0.31647059321403503,0,0.9999927878379822,0.003614783054217696,0.0012056230334565043,0,3.278260010119993e-7,-0.3164728879928589,0.9486016035079956,0,3.6100449562072754,-6.379485130310059,96.7069320678711,1]},{"time":1.399999976158142,"weight":1,"matrix":[0.002876281039789319,-0.9485976099967957,-0.31647148728370667,0,0.9999958872795105,0.002728520892560482,0.0009099540184251964,0,3.427269916755904e-7,-0.3164727985858917,0.9486016035079956,0,4.108529090881348,-6.584252834320068,96.70269775390625,1]},{"time":1.4333330392837524,"weight":1,"matrix":[0.001959800021722913,-0.9485998153686523,-0.31647220253944397,0,0.9999980926513672,0.0018591879634186625,0.0006199179915711284,0,3.278260010119993e-7,-0.3164727985858917,0.9486016035079956,0,4.534698009490967,-6.787219047546387,96.70079040527344,1]},{"time":1.4666670560836792,"weight":1,"matrix":[0.0011535279918462038,-0.9486010074615479,-0.31647270917892456,0,0.9999994039535522,0.0010943410452455282,0.00036479500704444945,0,3.1292398716686876e-7,-0.3164728879928589,0.9486016035079956,0,4.7443671226501465,-6.9076361656188965,96.70079040527344,1]},{"time":1.5,"weight":1,"matrix":[0.0005230309907346964,-0.9486014246940613,-0.3164727985858917,0,0.9999998211860657,0.0004962679813615978,0.00016525399405509233,0,2.831220058396866e-7,-0.3164727985858917,0.9486016035079956,0,4.74097204208374,-6.916749954223633,96.70079040527344,1]},{"time":1.5333329439163208,"weight":1,"matrix":[0.0000011920900533368695,-0.9486017227172852,-0.3164728879928589,0,1,0.000001251700041393633,1.4901199563155387e-7,0,2.831220058396866e-7,-0.3164728879928589,0.9486016035079956,0,4.726900100708008,-6.918567180633545,96.70079040527344,1]}],"targetName":"node-Bip001","target":null},{"interpolation":0,"keyframes":[{"time":0,"weight":1,"matrix":[-0.0006553229759447277,-0.015247520059347153,0.9998834729194641,0,0.9963111877441406,-0.08581042289733887,-0.0006555619766004384,0,0.08581036329269409,0.9961947798728943,0.015247520059347153,0,0,0,0,1]},{"time":0.03333333879709244,"weight":1,"matrix":[-0.0005337889888323843,-0.01527434028685093,0.9998831748962402,0,0.9963008165359497,-0.08593236654996872,-0.0007808799855411053,0,0.08593428134918213,0.9961838722229004,0.01526367012411356,0,0,0,0,1]},{"time":0.06666667014360428,"weight":1,"matrix":[-0.00019022800552193075,-0.0153500996530056,0.9998824000358582,0,0.9962705969810486,-0.08627717941999435,-0.0011349909473210573,0,0.08628445118665695,0.9961531162261963,0.015309269540011883,0,0,0,0,1]},{"time":0.10000000149011612,"weight":1,"matrix":[0.00034353099181316793,-0.015468119643628597,0.999880313873291,0,0.9962232112884521,-0.08681284636259079,-0.0016852610278874636,0,0.08682852238416672,0.9961044788360596,0.015379839576780796,0,0,0,0,1]},{"time":0.13333329558372498,"weight":1,"matrix":[0.001035809051245451,-0.015621540136635303,0.9998775124549866,0,0.9961611032485962,-0.08750753849744797,-0.0023991460911929607,0,0.08753430098295212,0.9960414171218872,0.015470920130610466,0,0,0,0,1]},{"time":0.16666670143604279,"weight":1,"matrix":[0.0018546580104157329,-0.015803750604391098,0.9998732805252075,0,0.9960861206054688,-0.0883292481303215,-0.003243803046643734,0,0.08836936205625534,0.9959660172462463,0.015578090213239193,0,0,0,0,1]},{"time":0.20000000298023224,"weight":1,"matrix":[0.0027685160748660564,-0.01600790023803711,0.9998679757118225,0,0.9960008263587952,-0.08924614638090134,-0.00418662978336215,0,0.08930139988660812,0.9958809018135071,0.015696819871664047,0,0,0,0,1]},{"time":0.2333333045244217,"weight":1,"matrix":[0.003745496040210128,-0.01622712053358555,0.9998614192008972,0,0.9959079027175903,-0.09022641181945801,-0.005195021163672209,0,0.09029816836118698,0.9957891702651978,0.01582276076078415,0,0,0,0,1]},{"time":0.2666667103767395,"weight":1,"matrix":[0.004754005931317806,-0.016454510390758514,0.9998533129692078,0,0.9958096146583557,-0.09123802185058594,-0.006236255168914795,0,0.09132730215787888,0.9956932067871094,0.015951810404658318,0,0,0,0,1]},{"time":0.30000001192092896,"weight":1,"matrix":[0.005762158893048763,-0.01668291911482811,0.9998441934585571,0,0.9957094192504883,-0.09224939346313477,-0.007277547847479582,0,0.09235644340515137,0.995596170425415,0.016079720109701157,0,0,0,0,1]},{"time":0.3333333134651184,"weight":1,"matrix":[0.006738482974469662,-0.016905060037970543,0.999834418296814,0,0.9956102967262268,-0.09322863072156906,-0.00828635599464178,0,0.093353271484375,0.9955012202262878,0.016202619299292564,0,0,0,0,1]},{"time":0.366666704416275,"weight":1,"matrix":[0.007651268970221281,-0.017113739624619484,0.9998244047164917,0,0.9955158233642578,-0.09414409846067429,-0.009229779243469238,0,0.09428554028272629,0.9954115748405457,0.016316650435328484,0,0,0,0,1]},{"time":0.4000000059604645,"weight":1,"matrix":[0.008468984626233578,-0.01730138063430786,0.9998142719268799,0,0.9954295754432678,-0.09496407955884933,-0.010075090453028679,0,0.09512072056531906,0.995330274105072,0.016418030485510826,0,0,0,0,1]},{"time":0.43333330750465393,"weight":1,"matrix":[0.00915980339050293,-0.01746045984327793,0.9998056888580322,0,0.9953559041023254,-0.0956568717956543,-0.010789570398628712,0,0.09582673758268356,0.9952613115310669,0.016503209248185158,0,0,0,0,1]},{"time":0.46666669845581055,"weight":1,"matrix":[0.009692429564893246,-0.01758348010480404,0.9997984766960144,0,0.9952983260154724,-0.0961909219622612,-0.011340489611029625,0,0.09637098759412766,0.9952077269554138,0.01656848005950451,0,0,0,0,1]},{"time":0.5,"weight":1,"matrix":[0.01003514975309372,-0.01766281947493553,0.9997937083244324,0,0.9952607750892639,-0.09653455018997192,-0.011695080436766148,0,0.09672123193740845,0.995172917842865,0.01661038026213646,0,0,0,0,1]},{"time":0.533333420753479,"weight":1,"matrix":[0.010156449861824512,-0.017690889537334442,0.9997919201850891,0,0.9952476024627686,-0.09665614366531372,-0.011820550076663494,0,0.09684514254331589,0.9951605796813965,0.016625160351395607,0,0,0,0,1]},{"time":0.5666667222976685,"weight":1,"matrix":[0.010024660266935825,-0.017660370096564293,0.9997938275337219,0,0.9952622056007385,-0.09652400016784668,-0.011684169992804527,0,0.0967104434967041,0.9951741099357605,0.01660907082259655,0,0,0,0,1]},{"time":0.6000000238418579,"weight":1,"matrix":[0.009608030319213867,-0.017563989385962486,0.9997994899749756,0,0.9953073263168335,-0.09610629081726074,-0.011253230273723602,0,0.09628473967313766,0.9952160716056824,0.016558170318603516,0,0,0,0,1]},{"time":0.6333333253860474,"weight":1,"matrix":[0.008875072002410889,-0.017394840717315674,0.9998093247413635,0,0.9953864216804504,-0.0953712984919548,-0.010495060123503208,0,0.09553568810224533,0.9952899217605591,0.01646815985441208,0,0,0,0,1]},{"time":0.6666666865348816,"weight":1,"matrix":[0.007793724071234465,-0.017146339640021324,0.9998226165771484,0,0.995500922203064,-0.0942869707942009,-0.009377001784741879,0,0.09443104267120361,0.9953975081443787,0.016334349289536476,0,0,0,0,1]},{"time":0.699999988079071,"weight":1,"matrix":[0.006332277785986662,-0.01681249961256981,0.9998387098312378,0,0.9956517219543457,-0.09282112121582031,-0.00786650087684393,0,0.09293842315673828,0.9955409169197083,0.01615159958600998,0,0,0,0,1]},{"time":0.7333332896232605,"weight":1,"matrix":[0.004458308219909668,-0.016387760639190674,0.9998556971549988,0,0.9958385229110718,-0.09094148129224777,-0.005930960178375244,0,0.09102559089660645,0.9957212805747986,0.015914080664515495,0,0,0,0,1]},{"time":0.7666667103767395,"weight":1,"matrix":[0.0021399250254034996,-0.015867410227656364,0.9998719096183777,0,0.9960594773292542,-0.0886155292391777,-0.0035381310153752565,0,0.08866029232740402,0.9959396123886108,0.015615220181643963,0,0,0,0,1]},{"time":0.800000011920929,"weight":1,"matrix":[-0.0006553229759447277,-0.015247520059347153,0.9998834729194641,0,0.9963111877441406,-0.08581042289733887,-0.0006555619766004384,0,0.08581036329269409,0.9961947798728943,0.015247520059347153,0,0,0,0,1]},{"time":0.8333333134651184,"weight":1,"matrix":[-0.014479209668934345,-0.012303289957344532,0.9998195171356201,0,0.9973176717758179,-0.07192771881818771,0.013557850383222103,0,0.07174795120954514,0.9973340034484863,0.013311740010976791,0,0,0,0,1]},{"time":0.8666666746139526,"weight":1,"matrix":[-0.04168760031461716,-0.007091522216796875,0.9991055130958557,0,0.9981517195701599,-0.044553931802511215,0.04133158177137375,0,0.04422098025679588,0.9989818930625916,0.008935748599469662,0,0,0,0,1]},{"time":0.8999999761581421,"weight":1,"matrix":[-0.06988506764173508,-0.0024976730346679688,0.9975519180297852,0,0.9974281787872314,-0.016116319224238396,0.0698360800743103,0,0.015902450308203697,0.9998670220375061,0.003617525100708008,0,0,0,0,1]},{"time":0.9333332777023315,"weight":1,"matrix":[-0.08650469034910202,-0.00017180900613311678,0.9962514042854309,0,0.9962512254714966,0.0006773539935238659,0.08650480955839157,0,-0.0006896799895912409,0.9999998211860657,0.00011257000005571172,0,0,0,0,1]},{"time":0.966666579246521,"weight":1,"matrix":[-0.0917462706565857,0.0005032109911553562,0.9957823157310486,0,0.9957646727561951,0.005978763103485107,0.09174162149429321,0,-0.005907355807721615,0.9999818801879883,-0.0010495779570192099,0,0,0,0,1]},{"time":1,"weight":1,"matrix":[-0.09453117102384567,0.0008504639845341444,0.9955217242240906,0,0.9954841732978821,0.008796513080596924,0.09452015161514282,0,-0.008676706813275814,0.9999610185623169,-0.0016781679587438703,0,0,0,0,1]},{"time":1.0333329439163208,"weight":1,"matrix":[-0.09535031765699387,0.000951096008066088,0.9954435229301453,0,0.9953985810279846,0.009625433944165707,0.09533678740262985,0,-0.009490907192230225,0.9999533295631409,-0.0018644919618964195,0,0,0,0,1]},{"time":1.0666669607162476,"weight":1,"matrix":[-0.09469503164291382,0.00087064498802647,0.9955061078071594,0,0.9954671263694763,0.00896227266639471,0.0946834608912468,0,-0.008839546702802181,0.9999595880508423,-0.001715361955575645,0,0,0,0,1]},{"time":1.100000023841858,"weight":1,"matrix":[-0.09305679053068161,0.0006676060147583485,0.9956607818603516,0,0.9956346750259399,0.007304667960852385,0.09304939955472946,0,-0.007210849784314632,0.9999731779098511,-0.0013443819480016828,0,0,0,0,1]},{"time":1.1333329677581787,"weight":1,"matrix":[-0.09092718362808228,0.0003995790029875934,0.9958574771881104,0,0.9958447217941284,0.005150198005139828,0.09092389792203903,0,-0.005092501174658537,0.9999867081642151,-0.0008662120089866221,0,0,0,0,1]},{"time":1.1666669845581055,"weight":1,"matrix":[-0.0887976810336113,0.00012694600445684046,0.996049702167511,0,0.9960454106330872,0.0029962649568915367,0.08879697322845459,0,-0.002973139053210616,0.9999955892562866,-0.0003925079945474863,0,0,0,0,1]},{"time":1.2000000476837158,"weight":1,"matrix":[-0.08715981245040894,-0.00008590640209149569,0.9961943030357361,0,0.9961934089660645,0.0013397929724305868,0.08715987205505371,0,-0.0013421770418062806,0.9999991059303284,-0.000031201601814245805,0,0,0,0,1]},{"time":1.2333329916000366,"weight":1,"matrix":[-0.08650469034910202,-0.00017180900613311678,0.9962514042854309,0,0.9962512254714966,0.0006773539935238659,0.0865047499537468,0,-0.0006896780105307698,0.9999998211860657,0.00011257099686190486,0,0,0,0,1]},{"time":1.2666670083999634,"weight":1,"matrix":[-0.08650469034910202,-0.00017180900613311678,0.9962514042854309,0,0.9962512254714966,0.0006773539935238659,0.08650480955839157,0,-0.0006896770210005343,0.9999998211860657,0.00011257099686190486,0,0,0,0,1]},{"time":1.2999999523162842,"weight":1,"matrix":[-0.08650469034910202,-0.00017180900613311678,0.9962514042854309,0,0.9962512254714966,0.0006773530039936304,0.0865047499537468,0,-0.0006896770210005343,0.9999998211860657,0.00011257099686190486,0,0,0,0,1]},{"time":1.3333330154418945,"weight":1,"matrix":[-0.08650469034910202,-0.00017180900613311678,0.9962515234947205,0,0.9962512254714966,0.0006773530039936304,0.0865047499537468,0,-0.0006896770210005343,0.9999998211860657,0.00011257099686190486,0,0,0,0,1]},{"time":1.3666670322418213,"weight":1,"matrix":[-0.0865047499537468,-0.00017180900613311678,0.9962514042854309,0,0.9962512254714966,0.0006773539935238659,0.0865047499537468,0,-0.0006896770210005343,0.9999998211860657,0.00011257099686190486,0,0,0,0,1]},{"time":1.399999976158142,"weight":1,"matrix":[-0.08650469034910202,-0.00017180900613311678,0.9962515234947205,0,0.9962514042854309,0.0006773539935238659,0.0865047499537468,0,-0.0006896770210005343,0.9999998211860657,0.00011257099686190486,0,0,0,0,1]},{"time":1.4333330392837524,"weight":1,"matrix":[-0.0865047499537468,-0.00017180900613311678,0.9962514042854309,0,0.9962512254714966,0.0006773539935238659,0.0865047499537468,0,-0.0006896780105307698,0.9999997019767761,0.00011257099686190486,0,0,0,0,1]},{"time":1.4666670560836792,"weight":1,"matrix":[-0.08650469034910202,-0.00017180900613311678,0.9962512850761414,0,0.9962512254714966,0.0006773539935238659,0.0865047499537468,0,-0.0006896770210005343,0.9999997019767761,0.00011257099686190486,0,0,0,0,1]},{"time":1.5,"weight":1,"matrix":[-0.0865047499537468,-0.00017180900613311678,0.9962515234947205,0,0.9962514042854309,0.0006773539935238659,0.0865047499537468,0,-0.0006896770210005343,0.9999998211860657,0.00011257099686190486,0,0,0,0,1]},{"time":1.5333329439163208,"weight":1,"matrix":[-0.08650469034910202,-0.00017180900613311678,0.9962514042854309,0,0.9962512254714966,0.0006773539935238659,0.0865047499537468,0,-0.0006896770210005343,0.9999998211860657,0.00011257099686190486,0,0,0,0,1]}],"targetName":"node-Bip001_Pelvis","target":null},{"interpolation":0,"keyframes":[{"time":0,"weight":1,"matrix":[0.9344838261604309,-0.3508177101612091,-0.06055647134780884,0,0.35494178533554077,0.9312546253204346,0.08234798163175583,0,0.02750438079237938,-0.09844689816236496,0.9947620034217834,0,10.904430389404297,-0.0203552208840847,0.16519449651241302,1]},{"time":0.03333333879709244,"weight":1,"matrix":[0.9344409704208374,-0.35092440247535706,-0.060598790645599365,0,0.35452160239219666,0.9327797889709473,0.06508880108594894,0,0.03368407115340233,-0.08230525255203247,0.9960379004478455,0,10.904439926147461,-0.0217437706887722,0.1656160056591034,1]},{"time":0.06666667014360428,"weight":1,"matrix":[0.9343206286430359,-0.3512279987335205,-0.060693319886922836,0,0.3541935980319977,0.9339497089385986,0.047800179570913315,0,0.03989576920866966,-0.06615786999464035,0.9970111846923828,0,10.904430389404297,-0.025627130642533302,0.16635890305042267,1]},{"time":0.10000000149011612,"weight":1,"matrix":[0.9341340065002441,-0.35170039534568787,-0.0608326718211174,0,0.35393670201301575,0.9347658157348633,0.03068828023970127,0,0.04607117176055908,-0.05019788816571236,0.9976760745048523,0,10.904419898986816,-0.03164291009306908,0.16737119853496552,1]},{"time":0.13333329558372498,"weight":1,"matrix":[0.9338914155960083,-0.3523131012916565,-0.061009399592876434,0,0.3537346124649048,0.9352415800094604,0.013959700241684914,0,0.05214035138487816,-0.03461796045303345,0.9980396032333374,0,10.904379844665527,-0.03943634033203125,0.16860340535640717,1]},{"time":0.16666670143604279,"weight":1,"matrix":[0.9336040019989014,-0.3530381917953491,-0.06121623143553734,0,0.35357579588890076,0.9354032278060913,-0.0021795029751956463,0,0.05803138017654419,-0.019609740003943443,0.998121976852417,0,10.904350280761719,-0.04865264147520065,0.17000000178813934,1]},{"time":0.20000000298023224,"weight":1,"matrix":[0.9332826137542725,-0.35384729504585266,-0.06144576892256737,0,0.3534539043903351,0.9352877736091614,-0.017524000257253647,0,0.0636703297495842,-0.0053634038195014,0.9979565739631653,0,10.90429973602295,-0.05894088000059128,0.17151349782943726,1]},{"time":0.2333333045244217,"weight":1,"matrix":[0.9329379796981812,-0.3547120988368988,-0.061691220849752426,0,0.3532949984073639,0.9349331259727478,-0.032902710139751434,0,0.06934820860624313,0.008901058696210384,0.9975525736808777,0,10.904210090637207,-0.06993865221738815,0.1731065958738327,1]},{"time":0.2666667103767395,"weight":1,"matrix":[0.9325814247131348,-0.35560449957847595,-0.06194537132978439,0,0.3530600965023041,0.934346079826355,-0.048435378819704056,0,0.0751023218035698,0.023299509659409523,0.9969035983085632,0,10.90414047241211,-0.08129119127988815,0.17473550140857697,1]},{"time":0.30000001192092896,"weight":1,"matrix":[0.9322239756584167,-0.35649630427360535,-0.06219958886504173,0,0.35282018780708313,0.9335775971412659,-0.06285536289215088,0,0.08047585934400558,0.036649998277425766,0.996082603931427,0,10.904040336608887,-0.09264373034238815,0.17633579671382904,1]},{"time":0.3333333134651184,"weight":1,"matrix":[0.9318768978118896,-0.35735970735549927,-0.06244521960616112,0,0.35267311334609985,0.932744026184082,-0.07490109652280807,0,0.08501207083463669,0.04777580127120018,0.9952337145805359,0,10.903940200805664,-0.10363379865884781,0.17784729599952698,1]},{"time":0.366666704416275,"weight":1,"matrix":[0.9315516948699951,-0.3581663966178894,-0.06267344206571579,0,0.3527357876300812,0.9320061802864075,-0.08331631869077682,0,0.0882532000541687,0.055506281554698944,0.9945502281188965,0,10.903820037841797,-0.11392209678888321,0.1792100965976715,1]},{"time":0.4000000059604645,"weight":1,"matrix":[0.9312602281570435,-0.35888880491256714,-0.0628741905093193,0,0.3532702922821045,0.931624710559845,-0.08529715985059738,0,0.08918731659650803,0.05722218006849289,0.9943698048591614,0,10.903719902038574,-0.12314219772815704,0.1803441047668457,1]},{"time":0.43333330750465393,"weight":1,"matrix":[0.931013822555542,-0.3594985008239746,-0.06304018944501877,0,0.3541882038116455,0.9315950274467468,-0.08174020051956177,0,0.08811336010694504,0.05377304181456566,0.9946579933166504,0,10.903590202331543,-0.13092799484729767,0.1812233030796051,1]},{"time":0.46666669845581055,"weight":1,"matrix":[0.9308236837387085,-0.3599683940410614,-0.0631667897105217,0,0.35507330298423767,0.9316669702529907,-0.07693994045257568,0,0.08654636144638062,0.04918866977095604,0.9950327277183533,0,10.903499603271484,-0.13694380223751068,0.18186749517917633,1]},{"time":0.5,"weight":1,"matrix":[0.9307010769844055,-0.3602708876132965,-0.06324952095746994,0,0.3555231988430023,0.9316378831863403,-0.07519513368606567,0,0.08601628988981247,0.047497570514678955,0.9951608777046204,0,10.903450012207031,-0.14081190526485443,0.18230000138282776,1]},{"time":0.533333420753479,"weight":1,"matrix":[0.9306572079658508,-0.36037808656692505,-0.06328380107879639,0,0.3551380932331085,0.931315004825592,-0.08080457895994186,0,0.08805733174085617,0.05272680148482323,0.9947190284729004,0,10.903429985046387,-0.1421775072813034,0.1825404018163681,1]},{"time":0.5666667222976685,"weight":1,"matrix":[0.9307029247283936,-0.3602629005908966,-0.06326817721128464,0,0.3530817925930023,0.9300342202186584,-0.10183030366897583,0,0.09552723169326782,0.07243484258651733,0.9927878975868225,0,10.90349006652832,-0.14067070186138153,0.18266290426254272,1]},{"time":0.6000000238418579,"weight":1,"matrix":[0.9308493733406067,-0.3598976135253906,-0.06319183111190796,0,0.3494066894054413,0.9272964000701904,-0.13430050015449524,0,0.10693199932575226,0.10293389856815338,0.9889237284660339,0,10.903590202331543,-0.13593289256095886,0.1825695037841797,1]},{"time":0.6333333253860474,"weight":1,"matrix":[0.9311087131500244,-0.35925358533859253,-0.06303644180297852,0,0.3453480005264282,0.9239386916160583,-0.16453519463539124,0,0.1173517033457756,0.13143059611320496,0.9843546748161316,0,10.903770446777344,-0.12760919332504272,0.18201540410518646,1]},{"time":0.6666666865348816,"weight":1,"matrix":[0.9314929842948914,-0.35830020904541016,-0.06278430670499802,0,0.3426688015460968,0.9222328066825867,-0.17906689643859863,0,0.12206140160560608,0.14528529345989227,0.9818316102027893,0,10.903949737548828,-0.11538500338792801,0.18076220154762268,1]},{"time":0.699999988079071,"weight":1,"matrix":[0.9320182204246521,-0.35698041319847107,-0.0625036284327507,0,0.34258729219436646,0.9240940809249878,-0.16936320066452026,0,0.11821860074996948,0.1364365965127945,0.9835696220397949,0,10.904129981994629,-0.09893417358398438,0.1786303073167801,1]},{"time":0.7333332896232605,"weight":1,"matrix":[0.9326931834220886,-0.3552730083465576,-0.06216727942228317,0,0.34382298588752747,0.9278824925422668,-0.14429159462451935,0,0.1089468002319336,0.11320529878139496,0.9875804781913757,0,10.904290199279785,-0.07786750048398972,0.1756826937198639,1]},{"time":0.7666667103767395,"weight":1,"matrix":[0.933513879776001,-0.3532063066959381,-0.06161760911345482,0,0.34471508860588074,0.9314271807670593,-0.11668229848146439,0,0.09860526770353317,0.0876840278506279,0.9912558794021606,0,10.904459953308105,-0.05181121081113815,0.17202970385551453,1]},{"time":0.800000011920929,"weight":1,"matrix":[0.9344751238822937,-0.35081571340560913,-0.06070131063461304,0,0.34404420852661133,0.9336618185043335,-0.09954512119293213,0,0.09159653633832932,0.0721384808421135,0.9931796789169312,0,10.904589653015137,-0.020389549434185028,0.16777530312538147,1]},{"time":0.8333333134651184,"weight":1,"matrix":[0.939155101776123,-0.3387377858161926,-0.05695991963148117,0,0.33190131187438965,0.937613308429718,-0.1035505011677742,0,0.08848284929990768,0.07834488153457642,0.9929918050765991,0,10.904069900512695,0.1346302032470703,0.14671079814434052,1]},{"time":0.8666666746139526,"weight":1,"matrix":[0.947880208492279,-0.31460630893707275,-0.05046147108078003,0,0.3067711889743805,0.9438918232917786,-0.12230999767780304,0,0.0861096903681755,0.10045509785413742,0.9912083148956299,0,10.89663028717041,0.4375743865966797,0.09923207014799118,1]},{"time":0.8999999761581421,"weight":1,"matrix":[0.9562112092971802,-0.28929808735847473,-0.04434632882475853,0,0.28050699830055237,0.9491075873374939,-0.14321470260620117,0,0.08352117985486984,0.12450399994850159,0.9886975288391113,0,10.880040168762207,0.7485066056251526,0.04150211066007614,1]},{"time":0.9333332777023315,"weight":1,"matrix":[0.9607670903205872,-0.2743687927722931,-0.04060070961713791,0,0.26533469557762146,0.9518523812294006,-0.15353980660438538,0,0.08077245205640793,0.13674330711364746,0.9873080253601074,0,10.866080284118652,0.9303359985351562,0.003406404983252287,1]},{"time":0.966666579246521,"weight":1,"matrix":[0.9621208906173706,-0.269856601953