{"asset":{"unit":{"name":"meter","meter":1},"upAxis":"Y_UP","title":null,"subject":null,"created":"Wed Jul 31 2013 20:09:21 GMT+0400 (Московское время (зима))","modified":"Wed Jul 31 2013 20:09:21 GMT+0400 (Московское время (зима))","contributor":{"author":null,"authoringTool":"Akra Engine exporter;Version 0.0.1;Browser Chrome, 30.0.1581.2 (Windows)","comments":null,"copyright":null,"sourceData":null},"keywords":null},"library":[{"type":2,"animations":[1024,1025,1026,1027,1028,1029,1030,1031,1033,1034,1035,1032,1036,1037],"options":0,"name":"movement","guid":1023},{"name":"walkback_new.DAE","targets":[{"name":"node-Bip001","target":null},{"name":"node-Bip001_Pelvis","target":null},{"name":"node-Bip001_Spine","target":null},{"name":"node-Bip001_Spine1","target":null},{"name":"node-Bip001_Spine2","target":null},{"name":"node-Bip001_Neck","target":null},{"name":"node-Bip001_Head","target":null},{"name":"node-Bone023","target":null},{"name":"node-Bone024","target":null},{"name":"node-Bone025","target":null},{"name":"node-Bone026","target":null},{"name":"node-Bone027","target":null},{"name":"node-Bone028","target":null},{"name":"node-Bone029","target":null},{"name":"node-Bone030","target":null},{"name":"node-Bone_hair02","target":null},{"name":"node-Bone_hair03","target":null},{"name":"node-Bip001_L_Clavicle","target":null},{"name":"node-Bip001_L_UpperArm","target":null},{"name":"node-Bip001_L_Forearm","target":null},{"name":"node-Bip001_L_Hand","target":null},{"name":"node-Bip001_L_ForeTwist","target":null},{"name":"node-Bip001_L_ForeTwist1","target":null},{"name":"node-Bip001_LUpArmTwist","target":null},{"name":"node-Bip001_R_Clavicle","target":null},{"name":"node-Bip001_R_UpperArm","target":null},{"name":"node-Bip001_R_Forearm","target":null},{"name":"node-Bip001_R_Hand","target":null},{"name":"node-Bip001_R_ForeTwist","target":null},{"name":"node-Bip001_R_ForeTwist1","target":null},{"name":"node-Bip001_RUpArmTwist","target":null},{"name":"node-Bone_backpack","target":null},{"name":"node-Bone009","target":null},{"name":"node-Bone010","target":null},{"name":"node-Bone011","target":null},{"name":"node-Bone012","target":null},{"name":"node-Bone013","target":null},{"name":"node-Bone_knife","target":null},{"name":"node-Bip001_L_Thigh","target":null},{"name":"node-Bip001_L_Calf","target":null},{"name":"node-Bip001_L_Foot","target":null},{"name":"node-Bip001_L_Toe0","target":null},{"name":"node-Bip001_LCalfTwist","target":null},{"name":"node-Bip001_LCalfTwist1","target":null},{"name":"node-Bip001_R_Thigh","target":null},{"name":"node-Bip001_R_Calf","target":null},{"name":"node-Bip001_R_Foot","target":null},{"name":"node-Bip001_R_Toe0","target":null},{"name":"node-Bip001_RCalfTwist","target":null},{"name":"node-Bip001_RCalfTwist1","target":null},{"name":"node-Bip001_LThighTwist","target":null},{"name":"node-Bip001_RThighTwist","target":null},{"name":"node-Bip001_RUpArmTwist1","target":null},{"name":"node-Bip001_R_Finger4","target":null},{"name":"node-Bip001_R_Finger41","target":null},{"name":"node-Bip001_R_Finger42","target":null},{"name":"node-Bip001_R_Finger3","target":null},{"name":"node-Bip001_R_Finger31","target":null},{"name":"node-Bip001_R_Finger32","target":null},{"name":"node-Bip001_R_Finger2","target":null},{"name":"node-Bip001_R_Finger21","target":null},{"name":"node-Bip001_R_Finger22","target":null},{"name":"node-Bip001_R_Finger1","target":null},{"name":"node-Bip001_R_Finger11","target":null},{"name":"node-Bip001_R_Finger12","target":null},{"name":"node-Bip001_R_Finger0","target":null},{"name":"node-Bip001_R_Finger01","target":null},{"name":"node-Bip001_R_Finger02","target":null},{"name":"node-Bip001_LUpArmTwist1","target":null},{"name":"node-Bip001_L_Finger4","target":null},{"name":"node-Bip001_L_Finger41","target":null},{"name":"node-Bip001_L_Finger42","target":null},{"name":"node-Bip001_L_Finger3","target":null},{"name":"node-Bip001_L_Finger31","target":null},{"name":"node-Bip001_L_Finger32","target":null},{"name":"node-Bip001_L_Finger2","target":null},{"name":"node-Bip001_L_Finger21","target":null},{"name":"node-Bip001_L_Finger22","target":null},{"name":"node-Bip001_L_Finger1","target":null},{"name":"node-Bip001_L_Finger11","target":null},{"name":"node-Bip001_L_Finger12","target":null},{"name":"node-Bip001_L_Finger0","target":null},{"name":"node-Bip001_L_Finger01","target":null},{"name":"node-Bip001_L_Finger02","target":null},{"name":"node-Bone_hair01","target":null},{"name":"node-Bone022","target":null},{"name":"node-Bone_lip_r","target":null},{"name":"node-Bone_lip_u","target":null},{"name":"node-Bone_lip_l","target":null},{"name":"node-Bone0_eyeL_liddown","target":null},{"name":"node-Bone0_eyeL","target":null},{"name":"node-Bone0_eyeL_lidup","target":null},{"name":"node-Bone_eyeR_liddown","target":null},{"name":"node-Bone_eyeR","target":null},{"name":"node-Bone_eyeR_lidup","target":null},{"name":"node-Bone_brow","target":null},{"name":"node-Bone_nose","target":null},{"name":"node-Bone_jaw","target":null},{"name":"node-Bone_lip_d","target":null},{"name":"node-Bip001_RThighTwist1","target":null},{"name":"node-Bip001_LThighTwist1","target":null},{"name":"node-Bone_holsterR","target":null},{"name":"node-Object025","target":null},{"name":"node-Bone_holsterL","target":null},{"name":"node-Bone_knifes","target":null},{"name":"node-Bone006","target":null},{"name":"node-Dummy05","target":null},{"name":"node-Dummy02","target":null},{"name":"node-Dummy03","target":null},{"name":"node-Mesh001","target":null},{"name":"node-Dummy04","target":null},{"name":"node-Mesh003","target":null},{"name":"node-Mesh002","target":null}],"type":3,"extra":{"graph":{"x":555,"y":12}},"tracks":[{"interpolation":0,"keyframes":[{"time":0,"weight":1,"matrix":[-0.08423388004302979,-0.8530941009521484,0.5149129033088684,0,0.9757335782051086,-0.17542970180511475,-0.13102839887142181,0,0.20211049914360046,0.49138081073760986,0.8471695780754089,0,0.2581455111503601,1.6006510257720947,95.17170715332031,1]},{"time":0.03333333879709244,"weight":1,"matrix":[-0.1050155982375145,-0.8459137082099915,0.5228782296180725,0,0.9755182266235352,-0.18978570401668549,-0.11111120134592056,0,0.19322529435157776,0.4984089136123657,0.8451346755027771,0,0.2549135088920593,2.9697060585021973,94.58561706542969,1]},{"time":0.06666667014360428,"weight":1,"matrix":[-0.12584100663661957,-0.8383684754371643,0.5303794145584106,0,0.9747480154037476,-0.2039071023464203,-0.09104049205780029,0,0.18447360396385193,0.5055295825004578,0.8428577780723572,0,0.252456396818161,5.293132781982422,94.57988739013672,1]},{"time":0.10000000149011612,"weight":1,"matrix":[-0.14930139482021332,-0.8293207883834839,0.5384572744369507,0,0.9731652140617371,-0.21967479586601257,-0.06850314140319824,0,0.17509649693965912,0.5137802958488464,0.8398637175559998,0,0.2643910050392151,6.945023059844971,95.06188201904297,1]},{"time":0.13333329558372498,"weight":1,"matrix":[-0.17698219418525696,-0.8179365992546082,0.5474094152450562,0,0.9703556895256042,-0.23801769316196442,-0.041920360177755356,0,0.16458140313625336,0.523762583732605,0.8358144164085388,0,0.29828938841819763,7.092658042907715,96.62510681152344,1]},{"time":0.16666670143604279,"weight":1,"matrix":[-0.20698359608650208,-0.8048248291015625,0.5562506914138794,0,0.9662078022956848,-0.25743910670280457,-0.012951189652085304,0,0.15362410247325897,0.5347731113433838,0.8309137225151062,0,0.33856430649757385,6.788247108459473,98.46114349365234,1]},{"time":0.20000000298023224,"weight":1,"matrix":[-0.23666779696941376,-0.7910313010215759,0.5641435980796814,0,0.9609689116477966,-0.27620169520378113,0.01585805043578148,0,0.14327310025691986,0.5458775758743286,0.8255243897438049,0,0.38568100333213806,6.225968837738037,100.03959655761719,1]},{"time":0.2333333045244217,"weight":1,"matrix":[-0.263414591550827,-0.777845025062561,0.5705872774124146,0,0.9552661180496216,-0.29276490211486816,0.04189597815275192,0,0.13445940613746643,0.5560986995697021,0.820167601108551,0,0.44010499119758606,5.599999904632568,100.8301010131836,1]},{"time":0.2666667103767395,"weight":1,"matrix":[-0.285553902387619,-0.766261875629425,0.5755881071090698,0,0.9498118758201599,-0.30632850527763367,0.06340402364730835,0,0.12773489952087402,0.5648056864738464,0.8152781128883362,0,0.5073575973510742,4.786766052246094,100.0824966430664,1]},{"time":0.30000001192092896,"weight":1,"matrix":[-0.3040944039821625,-0.7559751868247986,0.5796793103218079,0,0.9447041153907776,-0.3176937997341156,0.08127015084028244,0,0.12272229790687561,0.5723391771316528,0.810781717300415,0,0.5873250961303711,3.745234966278076,98.24830627441406,1]},{"time":0.3333333134651184,"weight":1,"matrix":[-0.32045748829841614,-0.7463958263397217,0.5832672119140625,0,0.9397698044776917,-0.32780158519744873,0.09684491157531738,0,0.11891119927167892,0.5791714787483215,0.8064864873886108,0,0.6720203161239624,2.793397903442383,96.5999984741211,1]},{"time":0.366666704416275,"weight":1,"matrix":[-0.3357059061527252,-0.737092912197113,0.586511492729187,0,0.9348279237747192,-0.33721330761909485,0.11128439754247665,0,0.11575250327587128,0.5856459736824036,0.8022593259811401,0,0.7882465124130249,1.785897970199585,95.67974853515625,1]},{"time":0.4000000059604645,"weight":1,"matrix":[-0.34239891171455383,-0.7317090034484863,0.5893768072128296,0,0.9322441220283508,-0.34268051385879517,0.11615130305290222,0,0.11697880178689957,0.5892130732536316,0.7994647026062012,0,0.8620880246162415,1.595026969909668,95.1738510131836,1]},{"time":0.43333330750465393,"weight":1,"matrix":[-0.3388698101043701,-0.7308349013328552,0.5924926996231079,0,0.9325975775718689,-0.3440715968608856,0.10897970199584961,0,0.12421370297670364,0.5894870758056641,0.7981703281402588,0,0.841467022895813,3.2273330688476562,94.8373031616211,1]},{"time":0.46666669845581055,"weight":1,"matrix":[-0.3298419117927551,-0.7325835227966309,0.595420777797699,0,0.9344450831413269,-0.343038409948349,0.09558743238449097,0,0.13422639667987823,0.5879167914390564,0.7977073788642883,0,0.7784432172775269,5.495833873748779,94.68319702148438,1]},{"time":0.5,"weight":1,"matrix":[-0.31358620524406433,-0.7387368083000183,0.5965999960899353,0,0.9383220076560974,-0.3374510109424591,0.07535599917173386,0,0.14565500617027283,0.5834336280822754,0.7989931106567383,0,0.6701563000679016,6.954721927642822,95.08731842041016,1]},{"time":0.533333420753479,"weight":1,"matrix":[-0.28907620906829834,-0.7494397163391113,0.595629870891571,0,0.9439616203308105,-0.3266778886318207,0.04709535092115402,0,0.15928399562835693,0.5758659243583679,0.8018772006034851,0,0.49880170822143555,7.1772661209106445,96.39936065673828,1]},{"time":0.5666667222976685,"weight":1,"matrix":[-0.259062796831131,-0.7625979781150818,0.5927317142486572,0,0.9498876929283142,-0.31230589747428894,0.013356080278754234,0,0.17492829263210297,0.5664886236190796,0.8052893280982971,0,0.28415170311927795,6.8631391525268555,98.25640869140625,1]},{"time":0.6000000238418579,"weight":1,"matrix":[-0.2275363951921463,-0.7765998244285583,0.5874691009521484,0,0.955093502998352,-0.2955729067325592,-0.020806610584259033,0,0.18979839980602264,0.5563536882400513,0.8089790940284729,0,0.07971125096082687,6.256124019622803,99.96537017822266,1]},{"time":0.6333333253860474,"weight":1,"matrix":[-0.19853830337524414,-0.7900487184524536,0.580004870891571,0,0.9592583775520325,-0.2780109941959381,-0.050331830978393555,0,0.20101229846477509,0.5463817715644836,0.8130565881729126,0,-0.06101464852690697,5.599999904632568,100.83309936523438,1]},{"time":0.6666666865348816,"weight":1,"matrix":[-0.1738685965538025,-0.8032103180885315,0.5697569847106934,0,0.9631062150001526,-0.2593795955181122,-0.07175415009260178,0,0.20541700720787048,0.536260724067688,0.8186748027801514,0,-0.08813977241516113,4.817206859588623,100.07129669189453,1]},{"time":0.699999988079071,"weight":1,"matrix":[-0.15130630135536194,-0.8165947198867798,0.557027280330658,0,0.967022716999054,-0.23907549679279327,-0.08780734986066818,0,0.20487460494041443,0.5253722071647644,0.8258392214775085,0,-0.03370136022567749,3.802649974822998,98.2247314453125,1]},{"time":0.7333332896232605,"weight":1,"matrix":[-0.12892690300941467,-0.829414427280426,0.543552815914154,0,0.9704589247703552,-0.21824949979782104,-0.10284359753131866,0,0.20393000543117523,0.5142362713813782,0.8330507278442383,0,0.03291970118880272,2.7587950229644775,96.5999984741211,1]},{"time":0.7666667103767395,"weight":1,"matrix":[-0.10646490007638931,-0.8415451049804688,0.5295916199684143,0,0.9733188152313232,-0.19708490371704102,-0.11750850081443787,0,0.20326319336891174,0.5029507875442505,0.8400741815567017,0,0.13732680678367615,1.6359529495239258,96.51998138427734,1]},{"time":0.800000011920929,"weight":1,"matrix":[-0.08423388004302979,-0.8530941009521484,0.5149129033088684,0,0.9757335782051086,-0.17542970180511475,-0.13102839887142181,0,0.20211049914360046,0.49138081073760986,0.8471695780754089,0,0.2581455111503601,1.6006510257720947,95.17170715332031,1]}],"targetName":"node-Bip001","target":null},{"interpolation":0,"keyframes":[{"time":0,"weight":1,"matrix":[0.3097752034664154,-0.2108795940876007,0.9271295070648193,0,0.9432051777839661,-0.05492299050092697,-0.327639102935791,0,0.12001310288906097,0.9759680032730103,0.18188899755477905,0,0,0,0,1]},{"time":0.03333333879709244,"weight":1,"matrix":[0.32081669569015503,-0.15975770354270935,0.9335706830024719,0,0.9455912113189697,-0.002346277004107833,-0.32534900307655334,0,0.05416743829846382,0.9871534705162048,0.15031270682811737,0,0,0,0,1]},{"time":0.06666667014360428,"weight":1,"matrix":[0.3288033902645111,-0.10318200290203094,0.9387447834014893,0,0.9442777037620544,0.05181926116347313,-0.3250455856323242,0,-0.015106200240552425,0.9933117032051086,0.11447080224752426,0,0,0,0,1]},{"time":0.10000000149011612,"weight":1,"matrix":[0.3328166902065277,-0.046039458364248276,0.9418668746948242,0,0.9391933083534241,0.1057405024766922,-0.32670319080352783,0,-0.08455222100019455,0.9933273792266846,0.07843220233917236,0,0,0,0,1]},{"time":0.13333329558372498,"weight":1,"matrix":[0.33292868733406067,0.0066394200548529625,0.942928671836853,0,0.9308093190193176,0.15764769911766052,-0.3297596871852875,0,-0.1508398950099945,0.98747318983078,0.04630541056394577,0,0,0,0,1]},{"time":0.16666670143604279,"weight":1,"matrix":[0.3301416039466858,0.04989457130432129,0.9426118731498718,0,0.9200993776321411,0.20596620440483093,-0.3331589996814728,0,-0.21076899766921997,0.9772862792015076,0.022089950740337372,0,0,0,0,1]},{"time":0.20000000298023224,"weight":1,"matrix":[0.3261665999889374,0.07898378372192383,0.9420068264007568,0,0.9084517955780029,0.24936780333518982,-0.335456907749176,0,-0.261401891708374,0.9651826024055481,0.00958240032196045,0,0,0,0,1]},{"time":0.2333333045244217,"weight":1,"matrix":[0.32057300209999084,0.09270632266998291,0.942676305770874,0,0.8962969779968262,0.29223689436912537,-0.3335407078266144,0,-0.3064061105251312,0.9518420100212097,0.010590789839625359,0,0,0,0,1]},{"time":0.2666667103767395,"weight":1,"matrix":[0.31361618638038635,0.094410240650177,0.9448449015617371,0,0.8831632137298584,0.3365198075771332,-0.3267681896686554,0,-0.34880921244621277,0.9369319081306458,0.02215838059782982,0,0,0,0,1]},{"time":0.30000001192092896,"weight":1,"matrix":[0.3081605136394501,0.08659189194440842,0.9473853707313538,0,0.8699051141738892,0.3774715065956116,-0.3174592852592468,0,-0.385100394487381,0.9219636917114258,0.040995001792907715,0,0,0,0,1]},{"time":0.3333333134651184,"weight":1,"matrix":[0.30668219923973083,0.07202821224927902,0.9490826725959778,0,0.8580551743507385,0.4106234014034271,-0.3084312081336975,0,-0.4119313061237335,0.9089556932449341,0.06412667036056519,0,0,0,0,1]},{"time":0.366666704416275,"weight":1,"matrix":[0.31119680404663086,0.0536416694521904,0.9488304257392883,0,0.8495128750801086,0.43185219168663025,-0.30303719639778137,0,-0.42600980401039124,0.900347888469696,0.08882158249616623,0,0,0,0,1]},{"time":0.4000000059604645,"weight":1,"matrix":[0.32328230142593384,0.03426235169172287,0.9456821084022522,0,0.846023678779602,0.4372471868991852,-0.3050555884838104,0,-0.4239487946033478,0.8986884951591492,0.11236750334501266,0,0,0,0,1]},{"time":0.43333330750465393,"weight":1,"matrix":[0.34800320863723755,0.010081109590828419,0.9374393224716187,0,0.8478940725326538,0.4232200086116791,-0.31931281089782715,0,-0.39996209740638733,0.9059708714485168,0.1387341022491455,0,0,0,0,1]},{"time":0.46666669845581055,"weight":1,"matrix":[0.3836115002632141,-0.022772429510951042,0.9232137799263,0,0.8527182936668396,0.3925524055957794,-0.3446364998817444,0,-0.3545615077018738,0.9194477200508118,0.17000600695610046,0,0,0,0,1]},{"time":0.5,"weight":1,"matrix":[0.4214749038219452,-0.06153862923383713,0.9047496914863586,0,0.8577904105186462,0.35073190927505493,-0.37574321031570435,0,-0.29420170187950134,0.9344518780708313,0.20061199367046356,0,0,0,0,1]},{"time":0.533333420753479,"weight":1,"matrix":[0.4539923071861267,-0.10252100229263306,0.8850879073143005,0,0.861713707447052,0.3031333088874817,-0.4068906009197235,0,-0.22658470273017883,0.9474173784255981,0.2259639948606491,0,0,0,0,1]},{"time":0.5666667222976685,"weight":1,"matrix":[0.4751608967781067,-0.14089170098304749,0.8685457706451416,0,0.865121603012085,0.25495290756225586,-0.43193021416664124,0,-0.1605827957391739,0.9566339254379272,0.24303199350833893,0,0,0,0,1]},{"time":0.6000000238418579,"weight":1,"matrix":[0.48059090971946716,-0.17096219956874847,0.8601186871528625,0,0.8705587983131409,0.21116040647029877,-0.44445279240608215,0,-0.10563839972019196,0.9623841047286987,0.25031450390815735,0,0,0,0,1]},{"time":0.6333333253860474,"weight":1,"matrix":[0.4694939851760864,-0.19060370326042175,0.8621169924736023,0,0.8807362914085388,0.16997580230236053,-0.4420540928840637,0,-0.0622817799448967,0.9668393731117249,0.24767419695854187,0,0,0,0,1]},{"time":0.6666666865348816,"weight":1,"matrix":[0.4462428092956543,-0.2025739997625351,0.8716830015182495,0,0.8946015238761902,0.12663190066814423,-0.4285469949245453,0,-0.0235703494399786,0.9710447788238525,0.23773160576820374,0,0,0,0,1]},{"time":0.699999988079071,"weight":1,"matrix":[0.414784699678421,-0.20841899514198303,0.8857287168502808,0,0.9098355174064636,0.0817568302154541,-0.4068357050418854,0,0.012377910315990448,0.974616527557373,0.22353850305080414,0,0,0,0,1]},{"time":0.7333332896232605,"weight":1,"matrix":[0.37896090745925903,-0.21008390188217163,0.9012510180473328,0,0.9242010116577148,0.0360979400575161,-0.38019639253616333,0,0.0473397895693779,0.9770166277885437,0.20783939957618713,0,0,0,0,1]},{"time":0.7666667103767395,"weight":1,"matrix":[0.3426525890827179,-0.20995929837226868,0.9156998991966248,0,0.9358046054840088,-0.009645937941968441,-0.352387398481369,0,0.08281981199979782,0.9776625037193298,0.19317559897899628,0,0,0,0,1]},{"time":0.800000011920929,"weight":1,"matrix":[0.3097752034664154,-0.2108795940876007,0.9271295070648193,0,0.9432051777839661,-0.05492299050092697,-0.327639102935791,0,0.12001310288906097,0.9759680032730103,0.18188899755477905,0,0,0,0,1]}],"targetName":"node-Bip001_Pelvis","target":null},{"interpolation":0,"keyframes":[{"time":0,"weight":1,"matrix":[0.9920011758804321,0.07979612797498703,0.09780590981245041,0,-0.0944206714630127,0.9833279252052307,0.15540680289268494,0,-0.08377443999052048,-0.16339869797229767,0.9829967021942139,0,10.117010116577148,-3.5887351036071777,1.9823410511016846,1]},{"time":0.03333333879709244,"weight":1,"matrix":[0.9955698847770691,0.06293541193008423,0.06985384225845337,0,-0.07111328095197678,0.9900357723236084,0.12153910100460052,0,-0.06150871142745018,-0.1259683072566986,0.9901254773139954,0,10.186969757080078,-3.5638420581817627,1.6383010149002075,1]},{"time":0.06666667014360428,"weight":1,"matrix":[0.998314619064331,0.04312115162611008,0.03884100168943405,0,-0.04630773887038231,0.9952812790870667,0.08526896685361862,0,-0.03498082980513573,-0.08692383021116257,0.995600700378418,0,10.243060111999512,-3.5606040954589844,1.2477539777755737,1]},{"time":0.10000000149011612,"weight":1,"matrix":[0.9995988011360168,0.0270385704934597,0.008438347838819027,0,-0.027400730177760124,0.998554527759552,0.04623812064528465,0,-0.007175921928137541,-0.046450790017843246,0.9988948106765747,0,10.276860237121582,-3.5787370204925537,0.8550987243652344,1]},{"time":0.13333329558372498,"weight":1,"matrix":[0.9995855093002319,0.02169257029891014,-0.018938949331641197,0,-0.021591000258922577,0.9997515082359314,0.00554919196292758,0,0.019054589793086052,-0.005137979052960873,0.9998052716255188,0,10.288359642028809,-3.6121020317077637,0.5051499009132385,1]},{"time":0.16666670143604279,"weight":1,"matrix":[0.9984635710716248,0.0393257699906826,-0.03903913125395775,0,-0.04101473093032837,0.998213529586792,-0.043449338525533676,0,0.03726071119308472,0.04498380050063133,0.9982926249504089,0,10.28518009185791,-3.649172067642212,0.2416352927684784,1]},{"time":0.20000000298023224,"weight":1,"matrix":[0.9958462119102478,0.0742790624499321,-0.052660878747701645,0,-0.07875776290893555,0.9929301738739014,-0.08880752325057983,0,0.045692019164562225,0.09258610010147095,0.9946557283401489,0,10.279109954833984,-3.674170970916748,0.10581299662590027,1]},{"time":0.2333333045244217,"weight":1,"matrix":[0.9921308159828186,0.10646679997444153,-0.0658876821398735,0,-0.11318299919366837,0.9876453280448914,-0.10838119685649872,0,0.0535346195101738,0.11498569697141647,0.9919235110282898,0,10.286890029907227,-3.653188943862915,0.11709299683570862,1]},{"time":0.2666667103767395,"weight":1,"matrix":[0.988074779510498,0.13206949830055237,-0.07915616035461426,0,-0.13937370479106903,0.9856513738632202,-0.09521769732236862,0,0.06544499844312668,0.10511449724435806,0.9923043847084045,0,10.31093978881836,-3.579263925552368,0.24311630427837372,1]},{"time":0.30000001192092896,"weight":1,"matrix":[0.9834526777267456,0.15855899453163147,-0.08763611316680908,0,-0.16423720121383667,0.9844793081283569,-0.061862699687480927,0,0.07646708935499191,0.07523220032453537,0.9942299127578735,0,10.339010238647461,-3.4776840209960938,0.4481649100780487,1]},{"time":0.3333333134651184,"weight":1,"matrix":[0.9792312979698181,0.1810488998889923,-0.09125428646802902,0,-0.18335649371147156,0.9828907251358032,-0.01750081032514572,0,0.08652447909116745,0.03386944159865379,0.9956740140914917,0,10.357799530029297,-3.3791561126708984,0.6999177932739258,1]},{"time":0.366666704416275,"weight":1,"matrix":[0.976730227470398,0.19465039670467377,-0.09005153179168701,0,-0.1928115040063858,0.9808139204978943,0.02877289056777954,0,0.09392440319061279,-0.010740390047430992,0.9955214262008667,0,10.355179786682129,-3.3202741146087646,0.9687017798423767,1]},{"time":0.4000000059604645,"weight":1,"matrix":[0.9773210883140564,0.19420920312404633,-0.08441776037216187,0,-0.18877890706062317,0.9796472787857056,0.0682181715965271,0,0.09594821184873581,-0.0507347509264946,0.9940925240516663,0,10.32079029083252,-3.342278003692627,1.2250449657440186,1]},{"time":0.43333330750465393,"weight":1,"matrix":[0.9833008050918579,0.16722309589385986,-0.07180482149124146,0,-0.16023139655590057,0.9825857877731323,0.09407967329025269,0,0.08628665655851364,-0.08100324124097824,0.9929717183113098,0,10.230429649353027,-3.4978809356689453,1.5123590230941772,1]},{"time":0.46666669845581055,"weight":1,"matrix":[0.9918373227119446,0.11635889858007431,-0.05214947089552879,0,-0.10990689694881439,0.9874950051307678,0.11302410066127777,0,0.06464868038892746,-0.1063700020313263,0.992222785949707,0,10.07448959350586,-3.774247884750366,1.8532899618148804,1]},{"time":0.5,"weight":1,"matrix":[0.9977995753288269,0.05927782878279686,-0.02970360964536667,0,-0.05473916977643967,0.9892719984054565,0.13544189929962158,0,0.03741364926099777,-0.13351790606975555,0.990339994430542,0,9.872254371643066,-4.113670825958252,2.1869049072265625,1]},{"time":0.533333420753479,"weight":1,"matrix":[0.9998676776885986,0.014607659541070461,-0.007157682906836271,0,-0.01319377962499857,0.985624372959137,0.16843609511852264,0,0.009515166282653809,-0.16831940412521362,0.985686719417572,0,9.657157897949219,-4.453457832336426,2.4630470275878906,1]},{"time":0.5666667222976685,"weight":1,"matrix":[0.999966025352478,-0.0018642540089786053,0.00803822185844183,0,0.00015576199803035706,0.9782354831695557,0.20749719440937042,0,-0.008250117301940918,-0.20748889446258545,0.9782025218009949,0,9.476470947265625,-4.726553916931152,2.6487181186676025,1]},{"time":0.6000000238418579,"weight":1,"matrix":[0.9998943209648132,0.0047720069997012615,0.013736720196902752,0,-0.00785452127456665,0.9722074270248413,0.23398999869823456,0,-0.012238379567861557,-0.23407310247421265,0.9721419811248779,0,9.384635925292969,-4.863102912902832,2.7277979850769043,1]},{"time":0.6333333253860474,"weight":1,"matrix":[0.9996418952941895,0.01795870065689087,0.019833920523524284,0,-0.022199569270014763,0.9704840779304504,0.24014149606227875,0,-0.014935850165784359,-0.24049590528011322,0.9705352783203125,0,9.406655311584473,-4.836904048919678,2.6989049911499023,1]},{"time":0.6666666865348816,"weight":1,"matrix":[0.9990823268890381,0.02865396998822689,0.03183627128601074,0,-0.03525542840361595,0.9722365736961365,0.23132920265197754,0,-0.02432381920516491,-0.23223930597305298,0.9723544716835022,0,9.511207580566406,-4.689557075500488,2.5905489921569824,1]},{"time":0.699999988079071,"weight":1,"matrix":[0.9980762004852295,0.04216659069061279,0.0454520508646965,0,-0.05099904164671898,0.9752541780471802,0.21512390673160553,0,-0.03525625914335251,-0.21702800691127777,0.9755284786224365,0,9.664695739746094,-4.452714920043945,2.4359230995178223,1]},{"time":0.7333332896232605,"weight":1,"matrix":[0.9965298175811768,0.056590791791677475,0.06103777140378952,0,-0.06750333309173584,0.9785022139549255,0.19487670063972473,0,-0.048697348684072495,-0.19832080602645874,0.9789267182350159,0,9.834281921386719,-4.16210412979126,2.264920949935913,1]},{"time":0.7666667103767395,"weight":1,"matrix":[0.9944530129432678,0.06987910717725754,0.07861334085464478,0,-0.08270037174224854,0.981285810470581,0.173893004655838,0,-0.06499069184064865,-0.1794297993183136,0.9816216826438904,0,9.992141723632812,-3.8587279319763184,2.105225086212158,1]},{"time":0.800000011920929,"weight":1,"matrix":[0.9920011758804321,0.07979612797498703,0.09780590981245041,0,-0.0944206714630127,0.9833279252052307,0.15540680289268494,0,-0.08377443999052048,-0.16339869797229767,0.9829967021942139,0,10.117010116577148,-3.5887351036071777,1.9823410511016846,1]}],"targetName":"node-Bip001_Spine","target":null},{"interpolation":0,"keyframes":[{"time":0,"weight":1,"matrix":[0.9974796772003174,-0.007468639872968197,-0.07055926322937012,0,0.01379786990582943,0.995878279209137,0.08964419364929199,0,0.06959891319274902,-0.09039180725812912,0.9934713244438171,0,17.816179275512695,-0.014128199778497219,-0.0012712470488622785,1]},{"time":0.03333333879709244,"weight":1,"matrix":[0.9963387250900269,0.035950180143117905,-0.0775684118270874,0,-0.02676199935376644,0.9928420782089233,0.11639810353517532,0,0.08119773119688034,-0.11389599740505219,0.990169107913971,0,17.81675910949707,-0.01408671960234642,-0.0016503330552950501,1]},{"time":0.06666667014360428,"weight":1,"matrix":[0.9930391907691956,0.08311557024717331,-0.08345650881528854,0,-0.07039523124694824,0.9868900179862976,0.14523349702358246,0,0.09443353861570358,-0.1383475959300995,0.9858713150024414,0,17.81736946105957,-0.014002789743244648,-0.002059458987787366,1]},{"time":0.10000000149011612,"weight":1,"matrix":[0.9885028004646301,0.12293829768896103,-0.08802484720945358,0,-0.10665590316057205,0.9795866012573242,0.17039570212364197,0,0.10717610269784927,-0.15904830396175385,0.9814360737800598,0,17.817909240722656,-0.013894080184400082,-0.0024180409964174032,1]},{"time":0.13333329558372498,"weight":1,"matrix":[0.9852179884910583,0.14448030292987823,-0.09203892201185226,0,-0.12551729381084442,0.9744759202003479,0.1861245036125183,0,0.11658109724521637,-0.17182070016860962,0.9782058000564575,0,17.81814956665039,-0.013825410045683384,-0.002639292972162366,1]},{"time":0.16666670143604279,"weight":1,"matrix":[0.9866458773612976,0.12809130549430847,-0.1006108969449997,0,-0.10767880082130432,0.976412296295166,0.18714819848537445,0,0.12220989912748337,-0.1738152951002121,0.9771658182144165,0,17.817909240722656,-0.013853070326149464,-0.0026535980869084597,1]},{"time":0.20000000298023224,"weight":1,"matrix":[0.9903141260147095,0.08554749935865402,-0.10936059802770615,0,-0.06562744826078415,0.9825068712234497,0.17427900433540344,0,0.12235669791698456,-0.16541390120983124,0.9786046743392944,0,17.817319869995117,-0.013936989940702915,-0.002472399966791272,1]},{"time":0.2333333045244217,"weight":1,"matrix":[0.9929928183555603,0.05369548872113228,-0.1052727997303009,0,-0.037300340831279755,0.9876856207847595,0.15194129943847656,0,0.1121349036693573,-0.146949902176857,0.9827672839164734,0,17.816919326782227,-0.014011380262672901,-0.002155780093744397,1]},{"time":0.2666667103767395,"weight":1,"matrix":[0.9954041242599487,0.04179077968001366,-0.08616536110639572,0,-0.03102939948439598,0.9919648766517639,0.12264920026063919,0,0.09059858322143555,-0.119411900639534,0.9887025952339172,0,17.816810607910156,-0.014075269922614098,-0.0017395010218024254,1]},{"time":0.30000001192092896,"weight":1,"matrix":[0.9975978136062622,0.03451681137084961,-0.060057930648326874,0,-0.02917223982512951,0.9957200288772583,0.08769696205854416,0,0.0628279373049736,-0.08573424071073532,0.9943351149559021,0,17.81679916381836,-0.014125820249319077,-0.0012441870057955384,1]},{"time":0.3333333134651184,"weight":1,"matrix":[0.9990066289901733,0.032433681190013885,-0.03056143969297409,0,-0.03086894005537033,0.9982547163963318,0.050350598990917206,0,0.03214114159345627,-0.049357231706380844,0.9982640147209167,0,17.816810607910156,-0.014162059873342514,-0.0007148979930207133,1]},{"time":0.366666704416275,"weight":1,"matrix":[0.9993621706962585,0.03567957133054733,-0.0014046429423615336,0,-0.035656630992889404,0.9992671012878418,0.013921380043029785,0,0.0019002549815922976,-0.013862369582057,0.9999021291732788,0,17.816879272460938,-0.014178269542753696,-0.00019717200484592468,1]},{"time":0.4000000059604645,"weight":1,"matrix":[0.9987536072731018,0.0439293310046196,0.02369564026594162,0,-0.043502919375896454,0.9988871812820435,-0.01822124980390072,0,-0.024469729512929916,0.017167679965496063,0.9995532035827637,0,17.81698989868164,-0.014173979870975018,0.0002593990066088736,1]},{"time":0.43333330750465393,"weight":1,"matrix":[0.9968438148498535,0.06611549109220505,0.043943461030721664,0,-0.06406419724225998,0.996859073638916,-0.04655437916517258,0,-0.04688340052962303,0.04359221085906029,0.9979488253593445,0,17.81730079650879,-0.014142990112304688,0.0006618499755859375,1]},{"time":0.46666669845581055,"weight":1,"matrix":[0.9930797219276428,0.10053490102291107,0.06070714816451073,0,-0.09605193138122559,0.9927154183387756,-0.07273179292678833,0,-0.0675770565867424,0.06639748066663742,0.9955021142959595,0,17.817750930786133,-0.01408671960234642,0.0010318750282749534,1]},{"time":0.5,"weight":1,"matrix":[0.9886313080787659,0.1306588053703308,0.074409119784832,0,-0.12342959642410278,0.9878301024436951,-0.0946425125002861,0,-0.08586949110031128,0.08438216894865036,0.9927266836166382,0,17.81814956665039,-0.014012330211699009,0.0013427729718387127,1]},{"time":0.533333420753479,"weight":1,"matrix":[0.9863563776016235,0.14017809927463531,0.08632022142410278,0,-0.13042999804019928,0.9853616952896118,-0.10977379977703094,0,-0.1004445031285286,0.09701739996671677,0.9902011752128601,0,17.818239212036133,-0.013977999798953533,0.001555441995151341,1]},{"time":0.5666667222976685,"weight":1,"matrix":[0.9892675876617432,0.10521409660577774,0.10138820111751556,0,-0.09334433078765869,0.9889171123504639,-0.11545360088348389,0,-0.11241190135478973,0.10475040227174759,0.9881249070167542,0,17.817699432373047,-0.014030450023710728,0.0016374579863622785,1]},{"time":0.6000000238418579,"weight":1,"matrix":[0.9926143884658813,0.04254990071058273,0.11360649764537811,0,-0.030107729136943817,0.993577778339386,-0.10907179862260818,0,-0.11751800030469894,0.10484589636325836,0.9875205755233765,0,17.816829681396484,-0.014093389734625816,0.0015468590427190065,1]},{"time":0.6333333253860474,"weight":1,"matrix":[0.9941707849502563,-0.00232612993568182,0.1077921986579895,0,0.012102959677577019,0.9958559274673462,-0.09013556689023972,0,-0.10713580250740051,0.09091471880674362,0.9900789856910706,0,17.816219329833984,-0.014127730391919613,0.0012788770254701376,1]},{"time":0.6666666865348816,"weight":1,"matrix":[0.9964681267738342,-0.016668610274791718,0.08230280131101608,0,0.021757420152425766,0.9978806972503662,-0.06132537126541138,0,-0.08110611885786057,0.06289947032928467,0.9947186708450317,0,17.81608009338379,-0.014156339690089226,0.0008697509765625,1]},{"time":0.699999988079071,"weight":1,"matrix":[0.9986463189125061,-0.020708970725536346,0.04771130904555321,0,0.021987970918416977,0.9994084239006042,-0.02643894962966442,0,-0.04713559150695801,0.02745223045349121,0.9985110759735107,0,17.816070556640625,-0.014178269542753696,0.00037479400634765625,1]},{"time":0.7333332896232605,"weight":1,"matrix":[0.9998077154159546,-0.01785098947584629,0.008118449710309505,0,0.017751390114426613,0.9997683167457581,0.012176509946584702,0,-0.008333860896527767,-0.012030060403048992,0.9998930096626282,0,17.816120147705078,-0.014183039776980877,-0.0001730920048430562,1]},{"time":0.7666667103767395,"weight":1,"matrix":[0.9993994832038879,-0.011969500221312046,-0.03251820057630539,0,0.013647249899804592,0.9985604286193848,0.05187368020415306,0,0.03185044974088669,-0.05228631943464279,0.9981241822242737,0,17.816190719604492,-0.014166349545121193,-0.0007358790026046336,1]},{"time":0.800000011920929,"weight":1,"matrix":[0.9974796772003174,-0.007468639872968197,-0.07055926322937012,0,0.01379786990582943,0.995878279209137,0.08964419364929199,0,0.06959891319274902,-0.09039180725812912,0.9934713244438171,0,17.816179275512695,-0.014128199778497219,-0.0012712470488622785,1]}],"targetName":"node-Bip001_Spine1","target":null},{"interpolation":0,"keyframes":[{"time":0,"weight":1,"matrix":[0.9998548030853271,0.015226960182189941,-0.007661222945898771,0,-0.013630270026624203,0.9841033220291138,0.17707310616970062,0,0.010235659778118134,-0.17694279551506042,0.9841678738594055,0,17.81658935546875,-0.013962740078568459,-0.002512930892407894,1]},{"time":0.03333333879709244,"weight":1,"matrix":[0.9996519088745117,0.018829280510544777,-0.018481960520148277,0,-0.015113470144569874,0.9828382730484009,0.18384920060634613,0,0.021626470610499382,-0.18350589275360107,0.9827805757522583,0,17.816600799560547,-0.013943670317530632,-0.0026078219525516033,1]},{"time":0.06666667014360428,"weight":1,"matrix":[0.9993368983268738,0.020187130197882652,-0.03029572032392025,0,-0.014062940143048763,0.9816403985023499,0.19022110104560852,0,0.033579520881175995,-0.18966880440711975,0.9812737107276917,0,17.816579818725586,-0.01393031980842352,-0.002698898082599044,1]},{"time":0.10000000149011612,"weight":1,"matrix":[0.998853325843811,0.026248810812830925,-0.04003982990980148,0,-0.01784360036253929,0.9801561832427979,0.19742229580879211,0,0.04442739114165306,-0.19648140668869019,0.9795007109642029,0,17.81662940979004,-0.01390742976218462,-0.002799987094476819,1]},{"time":0.13333329558372498,"weight":1,"matrix":[0.9980418086051941,0.04392927139997482,-0.0445283018052578,0,-0.03381304815411568,0.9778037071228027,0.20677630603313446,0,0.05262351036071777,-0.2048656940460205,0.9773744940757751,0,17.816869735717773,-0.01387214008718729,-0.0029330248944461346,1]},{"time":0.16666670143604279,"weight":1,"matrix":[0.9946600198745728,0.09581135958433151,-0.0383635088801384,0,-0.0845414400100708,0.9696022272109985,0.22961780428886414,0,0.059197358787059784,-0.2251483052968979,0.9725245237350464,0,17.817569732666016,-0.013760560192167759,-0.003257273929193616,1]},{"time":0.20000000298023224,"weight":1,"matrix":[0.9863021969795227,0.16333439946174622,-0.023021100088953972,0,-0.15222249925136566,0.9550538063049316,0.25436291098594666,0,0.06353265047073364,-0.24737420678138733,0.9668349027633667,0,17.81852912902832,-0.013552660122513771,-0.0036096570547670126,1]},{"time":0.2333333045244217,"weight":1,"matrix":[0.9810771942138672,0.19336220622062683,-0.009957492351531982,0,-0.18479080498218536,0.950459897518158,0.24995699524879456,0,0.057796411216259,-0.2433868944644928,0.9682058095932007,0,17.819019317626953,-0.013484950177371502,-0.003544806968420744,1]},{"time":0.2666667103767395,"weight":1,"matrix":[0.9850478172302246,0.17225059866905212,-0.0032744999043643475,0,-0.16770890355110168,0.9630789756774902,0.21060040593147278,0,0.03942966088652611,-0.2069023996591568,0.9775667190551758,0,17.818769454956055,-0.013664240017533302,-0.0029869070276618004,1]},{"time":0.30000001192092896,"weight":1,"matrix":[0.9916092157363892,0.12921489775180817,0.0038616058882325888,0,-0.12824329733848572,0.9795125126838684,0.15526990592479706,0,0.016280589625239372,-0.15446220338344574,0.9878644943237305,0,17.81818962097168,-0.013895980082452297,-0.0022039411123842,1]},{"time":0.3333333134651184,"weight":1,"matrix":[0.9968938231468201,0.07757318019866943,0.01360176969319582,0,-0.07850121706724167,0.9926285147666931,0.09233713150024414,0,-0.006338655017316341,-0.09311813116073608,0.995634913444519,0,17.8175106048584,-0.014082900248467922,-0.0013084410456940532,1]},{"time":0.366666704416275,"weight":1,"matrix":[0.9991827011108398,0.03097783960402012,0.02596789039671421,0,-0.0317644402384758,0.9990316033363342,0.030447660014033318,0,-0.024999549612402916,-0.031247610226273537,0.9991989731788635,0,17.81683921813965,-0.01417446043342352,-0.0004305840120650828,1]},{"time":0.4000000059604645,"weight":1,"matrix":[0.9992504715919495,0.002908051013946533,0.03860437124967575,0,-0.0020608899649232626,0.9997566938400269,-0.021965499967336655,0,-0.03865890949964523,0.0218694806098938,0.9990131855010986,0,17.816410064697266,-0.01418112963438034,0.0003118519962299615,1]},{"time":0.43333330750465393,"weight":1,"matrix":[0.9987977147102356,-0.0022642610128968954,0.04897104948759079,0,0.005436955951154232,0.9978867173194885,-0.06475108116865158,0,-0.048720888793468475,0.06493955105543137,0.9966992735862732,0,17.816320419311523,-0.014155380427837372,0.0009171959827654064,1]},{"time":0.46666669845581055,"weight":1,"matrix":[0.9983597993850708,0.008192718029022217,0.0566595084965229,0,-0.002350329887121916,0.9947382807731628,-0.10242190212011337,0,-0.057200491428375244,0.10212080180644989,0.9931259751319885,0,17.816429138183594,-0.014111040160059929,0.0014530420303344727,1]},{"time":0.5,"weight":1,"matrix":[0.9976539015769958,0.029874080792069435,0.061599548906087875,0,-0.02140175923705101,0.9907668828964233,-0.13387620449066162,0,-0.06503015011548996,0.1322437971830368,0.9890816807746887,0,17.816669464111328,-0.014058110304176807,0.0018982880283147097,1]},{"time":0.533333420753479,"weight":1,"matrix":[0.9962226152420044,0.0584026500582695,0.06426364183425903,0,-0.04763244837522507,0.9862989783287048,-0.15794159471988678,0,-0.07260733097791672,0.15428400039672852,0.9853550791740417,0,17.817060470581055,-0.01399421039968729,0.002241373062133789,1]},{"time":0.5666667222976685,"weight":1,"matrix":[0.9914364814758301,0.11387360095977783,0.06392759084701538,0,-0.10101450234651566,0.9789726138114929,-0.17722509801387787,0,-0.08276461809873581,0.16924969851970673,0.9820919036865234,0,17.81781005859375,-0.013890259899199009,0.002513526938855648,1]},{"time":0.6000000238418579,"weight":1,"matrix":[0.9812576770782471,0.183195099234581,0.059773799031972885,0,-0.1695566028356552,0.9682099223136902,-0.18390369415283203,0,-0.091563880443573,0.17032180726528168,0.9811251759529114,0,17.818790435791016,-0.013736720196902752,0.0026080599054694176,1]},{"time":0.6333333253860474,"weight":1,"matrix":[0.9754009246826172,0.21352170407772064,0.05478566139936447,0,-0.2023680955171585,0.9658960103988647,-0.16153040528297424,0,-0.08740752190