<?xml version="1.0" encoding="utf-8"?>
<COLLADA xmlns="http://www.collada.org/2005/11/COLLADASchema" version="1.4.1">
  <asset>
    <contributor>
      <author>IvanPopov</author>
      <authoring_tool>OpenCOLLADA for 3ds Max;  Version: 1.4.1;  Revision: exported;  Platform: x64;  Configuration: Release_Max2013_static</authoring_tool>
      <source_data>file:///C:/Users/IVANPO~1/AppData/Local/Temp/Rar$DIa0.076/minner_work_001_019.max</source_data>
    </contributor>
    <created>2013-10-11T18:26:29</created>
    <modified>2013-10-11T18:26:29</modified>
    <unit name="meter" meter="1"/>
    <up_axis>Z_UP</up_axis>
  </asset>
  
  
  
  
  
  <library_visual_scenes>
    <visual_scene id="MaxScene">
      <node name="EnvironmentAmbientLight">
        
      </node>
      <node id="node-Bip001" name="Bip001">
        <matrix sid="matrix">1.19209e-6 1 3.8743e-7 0 -0.9659258 1.2517e-6 -0.2588193 0.05747892 -0.2588193 -5.96046e-8 0.9659258 1.415928 0 0 0 1</matrix>
        <node id="node-Bip001_Pelvis" name="Bip001_Pelvis">
          <matrix sid="matrix">0 1 -1.3868e-6 0 -1.3868e-6 1.3868e-6 1 0 1 0 1.3868e-6 0 0 0 0 1</matrix>
          <node id="node-Bip001_Spine" name="Bip001_Spine">
            <matrix sid="matrix">0.9620506 -0.2512633 0.1064212 0.2787663 0.2586016 0.964011 -0.06171029 -6.12646e-4 -0.08708567 0.08688912 0.9924043 -5.48094e-5 0 0 0 1</matrix>
            <node id="node-Bip001_Neck" name="Bip001_Neck">
              <matrix sid="matrix">0.5176187 -0.8556113 -2.36928e-6 0.8685975 0.8556112 0.5176188 -1.32993e-6 0.04702306 2.36626e-6 -1.35601e-6 1 1.19209e-7 0 0 0 1</matrix>
              <node id="node-Bip001_L_Clavicle" name="Bip001_L_Clavicle">
                <matrix sid="matrix">-0.3547492 -0.834815 0.4209951 -0.1128398 0.1853161 -0.5041294 -0.8435113 0.04512405 0.9164119 -0.2212178 0.3335441 0.1933147 0 0 0 1</matrix>
                <node id="node-Bip001_L_UpperArm" name="Bip001_L_UpperArm">
                  <matrix sid="matrix">0.7118254 -0.1771153 0.679658 0.4544815 0.5183381 0.7854675 -0.3381819 5.96046e-8 -0.4739519 0.593019 0.6509211 0 0 0 0 1</matrix>
                  <node id="node-Bip001_L_Forearm" name="Bip001_L_Forearm">
                    <matrix sid="matrix">0.6148161 0.7886705 1.49012e-8 0.5965298 -0.7886703 0.6148162 0 -1.19209e-7 0 0 0.9999999 -2.38419e-7 0 0 0 1</matrix>
                    <node id="node-Bip001_L_Hand" name="Bip001_L_Hand">
                      <matrix sid="matrix">0.8768094 0.1414055 -0.4595755 0.5669824 0.4426301 -0.6107405 0.6565629 -1.19209e-7 -0.1878399 -0.7791024 -0.5980933 0 0 0 0 1</matrix>
                      <node id="node-Bip001_L_Finger0" name="Bip001_L_Finger0">
                        <matrix sid="matrix">0.2939333 0.1585433 0.9425856 0.08770609 0.8077934 0.4859584 -0.3336384 0.06247294 -0.5109534 0.8594817 0.01476908 -0.1255724 0 0 0 1</matrix>
                        <node id="node-Bip001_L_Finger01" name="Bip001_L_Finger01">
                          <matrix sid="matrix">0.8799053 -0.4733409 0.04141191 0.07784247 0.475149 0.8765572 -0.07668883 0 2.98023e-8 0.08715574 0.9961947 -5.96046e-8 0 0 0 1</matrix>
                          <node id="node-Bip001_L_Finger02" name="Bip001_L_Finger02">
                            <matrix sid="matrix">0.7840292 -0.6207238 -2.98023e-8 0.07784271 0.6207238 0.7840291 0 -2.98023e-8 -2.98023e-8 -8.9407e-8 1 0 0 0 0 1</matrix>
                            <extra>
                              <technique profile="OpenCOLLADA">
                                <cast_shadows>1</cast_shadows>
                                <primary_visibility>1</primary_visibility>
                                <receive_shadows>1</receive_shadows>
                                <secondary_visibility>1</secondary_visibility>
                              </technique>
                            </extra>
                          </node>
                          <extra>
                            <technique profile="OpenCOLLADA">
                              <cast_shadows>1</cast_shadows>
                              <primary_visibility>1</primary_visibility>
                              <receive_shadows>1</receive_shadows>
                              <secondary_visibility>1</secondary_visibility>
                            </technique>
                          </extra>
                        </node>
                        <extra>
                          <technique profile="OpenCOLLADA">
                            <cast_shadows>1</cast_shadows>
                            <primary_visibility>1</primary_visibility>
                            <receive_shadows>1</receive_shadows>
                            <secondary_visibility>1</secondary_visibility>
                          </technique>
                        </extra>
                      </node>
                      <node id="node-Bip001_L_Finger1" name="Bip001_L_Finger1">
                        <matrix sid="matrix">0.7080162 -0.6595932 0.2522898 0.2669587 0.6977218 0.7085367 -0.1056411 0.01472104 -0.1090765 0.2508238 0.9618677 -0.08600581 0 0 0 1</matrix>
                        <node id="node-Bip001_L_Finger11" name="Bip001_L_Finger11">
                          <matrix sid="matrix">0.5080726 -0.8613142 0 0.1131709 0.8613141 0.5080727 -2.98023e-8 -1.19209e-7 0 0 0.9999999 2.98023e-8 0 0 0 1</matrix>
                          <node id="node-Bip001_L_Finger12" name="Bip001_L_Finger12">
                            <matrix sid="matrix">0.8520784 -0.5234141 0 0.07134187 0.5234141 0.8520784 0 5.96046e-8 -2.23517e-8 -2.98023e-8 0.9999999 0 0 0 0 1</matrix>
                            <extra>
                              <technique profile="OpenCOLLADA">
                                <cast_shadows>1</cast_shadows>
                                <primary_visibility>1</primary_visibility>
                                <receive_shadows>1</receive_shadows>
                                <secondary_visibility>1</secondary_visibility>
                              </technique>
                            </extra>
                          </node>
                          <extra>
                            <technique profile="OpenCOLLADA">
                              <cast_shadows>1</cast_shadows>
                              <primary_visibility>1</primary_visibility>
                              <receive_shadows>1</receive_shadows>
                              <secondary_visibility>1</secondary_visibility>
                            </technique>
                          </extra>
                        </node>
                        <extra>
                          <technique profile="OpenCOLLADA">
                            <cast_shadows>1</cast_shadows>
                            <primary_visibility>1</primary_visibility>
                            <receive_shadows>1</receive_shadows>
                            <secondary_visibility>1</secondary_visibility>
                          </technique>
                        </extra>
                      </node>
                      <node id="node-Bip001_L_Finger2" name="Bip001_L_Finger2">
                        <matrix sid="matrix">0.6260874 -0.7709936 0.1165491 0.2747864 0.7768895 0.6295787 -0.008575797 0.01137865 -0.06676483 0.0959149 0.993148 -0.01598474 0 0 0 1</matrix>
                        <node id="node-Bip001_L_Finger21" name="Bip001_L_Finger21">
                          <matrix sid="matrix">0.7269461 -0.6866946 0 0.1239195 0.6866946 0.7269461 -4.09782e-8 0 -2.98023e-8 -5.96046e-8 1 2.98023e-8 0 0 0 1</matrix>
                          <node id="node-Bip001_L_Finger22" name="Bip001_L_Finger22">
                            <matrix sid="matrix">0.5586714 -0.8293892 0 0.07462978 0.8293891 0.5586713 0 -1.19209e-7 5.21541e-8 8.9407e-8 1 -5.96046e-8 0 0 0 1</matrix>
                            <extra>
                              <technique profile="OpenCOLLADA">
                                <cast_shadows>1</cast_shadows>
                                <primary_visibility>1</primary_visibility>
                                <receive_shadows>1</receive_shadows>
                                <secondary_visibility>1</secondary_visibility>
                              </technique>
                            </extra>
                          </node>
                          <extra>
                            <technique profile="OpenCOLLADA">
                              <cast_shadows>1</cast_shadows>
                              <primary_visibility>1</primary_visibility>
                              <receive_shadows>1</receive_shadows>
                              <secondary_visibility>1</secondary_visibility>
                            </technique>
                          </extra>
                        </node>
                        <extra>
                          <technique profile="OpenCOLLADA">
                            <cast_shadows>1</cast_shadows>
                            <primary_visibility>1</primary_visibility>
                            <receive_shadows>1</receive_shadows>
                            <secondary_visibility>1</secondary_visibility>
                          </technique>
                        </extra>
                      </node>
                      <node id="node-Bip001_L_Finger3" name="Bip001_L_Finger3">
                        <matrix sid="matrix">0.5854148 -0.8093424 0.04748811 0.2625218 0.8063141 0.5873314 0.06999834 0.01878083 -0.08454394 -0.002687663 0.9964162 0.05677438 0 0 0 1</matrix>
                        <node id="node-Bip001_L_Finger31" name="Bip001_L_Finger31">
                          <matrix sid="matrix">0.7848067 -0.6197407 0 0.1180727 0.6197406 0.7848068 -1.11759e-8 -1.19209e-7 2.98023e-8 0 1 -8.9407e-8 0 0 0 1</matrix>
                          <node id="node-Bip001_L_Finger32" name="Bip001_L_Finger32">
                            <matrix sid="matrix">0.7042068 -0.7099951 -1.49012e-8 0.07566071 0.7099951 0.7042067 -1.49012e-8 1.19209e-7 1.49012e-8 2.98023e-8 1 8.9407e-8 0 0 0 1</matrix>
                            <extra>
                              <technique profile="OpenCOLLADA">
                                <cast_shadows>1</cast_shadows>
                                <primary_visibility>1</primary_visibility>
                                <receive_shadows>1</receive_shadows>
                                <secondary_visibility>1</secondary_visibility>
                              </technique>
                            </extra>
                          </node>
                          <extra>
                            <technique profile="OpenCOLLADA">
                              <cast_shadows>1</cast_shadows>
                              <primary_visibility>1</primary_visibility>
                              <receive_shadows>1</receive_shadows>
                              <secondary_visibility>1</secondary_visibility>
                            </technique>
                          </extra>
                        </node>
                        <extra>
                          <technique profile="OpenCOLLADA">
                            <cast_shadows>1</cast_shadows>
                            <primary_visibility>1</primary_visibility>
                            <receive_shadows>1</receive_shadows>
                            <secondary_visibility>1</secondary_visibility>
                          </technique>
                        </extra>
                      </node>
                      <node id="node-Bip001_L_Finger4" name="Bip001_L_Finger4">
                        <matrix sid="matrix">0.8386482 -0.5251327 -0.1445865 0.2505701 0.5417519 0.8316817 0.121699 0.02877176 0.05634171 -0.1803925 0.9819797 0.1125897 0 0 0 1</matrix>
                        <node id="node-Bip001_L_Finger41" name="Bip001_L_Finger41">
                          <matrix sid="matrix">0.8000261 -0.5999652 -2.98023e-8 0.08922815 0.5999652 0.8000261 7.45058e-9 1.19209e-7 -5.96046e-8 0 1 8.9407e-8 0 0 0 1</matrix>
                          <node id="node-Bip001_L_Finger42" name="Bip001_L_Finger42">
                            <matrix sid="matrix">0.806658 -0.5910187 0 0.05448139 0.5910188 0.8066579 1.49012e-8 -5.96046e-8 -1.49012e-8 -5.96046e-8 1 -5.96046e-8 0 0 0 1</matrix>
                            <extra>
                              <technique profile="OpenCOLLADA">
                                <cast_shadows>1</cast_shadows>
                                <primary_visibility>1</primary_visibility>
                                <receive_shadows>1</receive_shadows>
                                <secondary_visibility>1</secondary_visibility>
                              </technique>
                            </extra>
                          </node>
                          <extra>
                            <technique profile="OpenCOLLADA">
                              <cast_shadows>1</cast_shadows>
                              <primary_visibility>1</primary_visibility>
                              <receive_shadows>1</receive_shadows>
                              <secondary_visibility>1</secondary_visibility>
                            </technique>
                          </extra>
                        </node>
                        <extra>
                          <technique profile="OpenCOLLADA">
                            <cast_shadows>1</cast_shadows>
                            <primary_visibility>1</primary_visibility>
                            <receive_shadows>1</receive_shadows>
                            <secondary_visibility>1</secondary_visibility>
                          </technique>
                        </extra>
                      </node>
                      <node id="node-Dummy02" name="Dummy02">
                        <matrix sid="matrix">0.03131895 5.96046e-8 -0.3579779 0.251887 1.19209e-7 0.3593453 1.49012e-7 0.1409912 0.3579779 -1.56462e-7 0.03131894 0.1718635 0 0 0 1</matrix>
                        <node id="node-Object001" name="Object001">
                          <matrix sid="matrix">1.730719 -1.19209e-7 -2.98023e-8 1.19209e-7 1.78814e-7 1.730719 0 4.76837e-7 5.96046e-8 0 1.730719 0 0 0 0 1</matrix>
                          
                          <extra>
                            <technique profile="OpenCOLLADA">
                              <cast_shadows>1</cast_shadows>
                              <primary_visibility>1</primary_visibility>
                              <receive_shadows>1</receive_shadows>
                              <secondary_visibility>1</secondary_visibility>
                            </technique>
                          </extra>
                        </node>
                        <extra>
                          <technique profile="OpenCOLLADA">
                            <cast_shadows>1</cast_shadows>
                            <primary_visibility>1</primary_visibility>
                            <receive_shadows>1</receive_shadows>
                            <secondary_visibility>1</secondary_visibility>
                          </technique>
                        </extra>
                      </node>
                      <extra>
                        <technique profile="OpenCOLLADA">
                          <cast_shadows>1</cast_shadows>
                          <primary_visibility>1</primary_visibility>
                          <receive_shadows>1</receive_shadows>
                          <secondary_visibility>1</secondary_visibility>
                        </technique>
                      </extra>
                    </node>
                    <extra>
                      <technique profile="OpenCOLLADA">
                        <cast_shadows>1</cast_shadows>
                        <primary_visibility>1</primary_visibility>
                        <receive_shadows>1</receive_shadows>
                        <secondary_visibility>1</secondary_visibility>
                      </technique>
                    </extra>
                  </node>
                  <node id="node-Bip001_LUpArmTwist" name="Bip001_LUpArmTwist">
                    <matrix sid="matrix">1 1.04308e-7 -5.96046e-8 -1.19209e-7 1.3411e-7 0.9697351 0.2441577 -2.38419e-7 -2.98023e-8 -0.2441579 0.9697351 -3.57628e-7 0 0 0 1</matrix>
                    <node>
                      <matrix>0.2982649 0 0 0 0 1.27327 0 0 0 0 1.27327 0 0 0 0 1</matrix>
                      
                    </node>
                    <extra>
                      <technique profile="OpenCOLLADA">
                        <cast_shadows>1</cast_shadows>
                        <primary_visibility>1</primary_visibility>
                        <receive_shadows>1</receive_shadows>
                        <secondary_visibility>1</secondary_visibility>
                      </technique>
                    </extra>
                  </node>
                  <extra>
                    <technique profile="OpenCOLLADA">
                      <cast_shadows>1</cast_shadows>
                      <primary_visibility>1</primary_visibility>
                      <receive_shadows>1</receive_shadows>
                      <secondary_visibility>1</secondary_visibility>
                    </technique>
                  </extra>
                </node>
                <extra>
                  <technique profile="OpenCOLLADA">
                    <cast_shadows>1</cast_shadows>
                    <primary_visibility>1</primary_visibility>
                    <receive_shadows>1</receive_shadows>
                    <secondary_visibility>1</secondary_visibility>
                  </technique>
                </extra>
              </node>
              <node id="node-Bip001_R_Clavicle" name="Bip001_R_Clavicle">
                <matrix sid="matrix">0.03315212 -0.8553811 -0.5169374 -0.1128402 0.02002279 -0.5165493 0.8560231 0.04512501 -0.9992497 -0.03872952 2.41399e-6 -0.1933119 0 0 0 1</matrix>
                <node id="node-Bip001_R_UpperArm" name="Bip001_R_UpperArm">
                  <matrix sid="matrix">0.8603228 0.1705625 -0.4803679 0.4544815 -0.1852052 0.9825499 0.01717409 0 0.4749146 0.07419142 0.8768991 -2.38419e-7 0 0 0 1</matrix>
                  <node id="node-Bip001_R_Forearm" name="Bip001_R_Forearm">
                    <matrix sid="matrix">0.5608441 0.8279215 2.98023e-8 0.5965298 -0.8279215 0.560844 0 -5.96046e-8 0 -4.47035e-8 1 0 0 0 0 1</matrix>
                    <node id="node-Bip001_R_Hand" name="Bip001_R_Hand">
                      <matrix sid="matrix">0.9152036 -0.1975738 0.3512362 0.5669823 0.2359488 -0.4438559 -0.8644768 2.98023e-8 0.3266962 0.8740461 -0.3596011 0 0 0 0 1</matrix>
                      <node id="node-Bip001_R_Finger0" name="Bip001_R_Finger0">
                        <matrix>0.2939332 0.1585433 -0.9425855 0.08770597 0.8077933 0.4859583 0.3336383 0.06247318 0.5109534 -0.8594816 0.01476905 0.1255724 0 0 0 1</matrix>
                        <node id="node-Bip001_R_Finger01" name="Bip001_R_Finger01">
                          <matrix>0.8799056 -0.4733405 -0.04141185 0.07784283 0.4751486 0.8765573 0.0766888 0 -2.98023e-8 -0.08715577 0.9961948 -5.96046e-8 0 0 0 1</matrix>
                          <node id="node-Bip001_R_Finger02" name="Bip001_R_Finger02">
                            <matrix>0.7721182 -0.6207239 0.1361452 0.07784271 0.6112937 0.7840295 0.1077877 0 -0.1736482 4.47035e-8 0.9848078 -5.96046e-8 0 0 0 1</matrix>
                            <extra>
                              <technique profile="OpenCOLLADA">
                                <cast_shadows>1</cast_shadows>
                                <primary_visibility>1</primary_visibility>
                                <receive_shadows>1</receive_shadows>
                                <secondary_visibility>1</secondary_visibility>
                              </technique>
                            </extra>
                          </node>
                          <extra>
                            <technique profile="OpenCOLLADA">
                              <cast_shadows>1</cast_shadows>
                              <primary_visibility>1</primary_visibility>
                              <receive_shadows>1</receive_shadows>
                              <secondary_visibility>1</secondary_visibility>
                            </technique>
                          </extra>
                        </node>
                        <extra>
                          <technique profile="OpenCOLLADA">
                            <cast_shadows>1</cast_shadows>
                            <primary_visibility>1</primary_visibility>
                            <receive_shadows>1</receive_shadows>
                            <secondary_visibility>1</secondary_visibility>
                          </technique>
                        </extra>
                      </node>
                      <node id="node-Bip001_R_Finger1" name="Bip001_R_Finger1">
                        <matrix>0.6478344 -0.7187909 -0.2522899 0.2669586 0.7568198 0.64503 0.1056409 0.01472104 0.08680083 -0.2593759 0.9618678 0.08600569 0 0 0 1</matrix>
                        <node id="node-Bip001_R_Finger11" name="Bip001_R_Finger11">
                          <matrix>0.4310709 -0.9023181 2.98023e-8 0.1131707 0.9023182 0.4310709 -1.49012e-8 1.19209e-7 3.25963e-8 0 1 0 0 0 0 1</matrix>
                          <node id="node-Bip001_R_Finger12" name="Bip001_R_Finger12">
                            <matrix>0.8944546 -0.4471588 -1.95578e-8 0.07134187 0.4471588 0.8944547 -2.98023e-8 -1.19209e-7 1.49012e-8 0 1 -5.96046e-8 0 0 0 1</matrix>
                            <extra>
                              <technique profile="OpenCOLLADA">
                                <cast_shadows>1</cast_shadows>
                                <primary_visibility>1</primary_visibility>
                                <receive_shadows>1</receive_shadows>
                                <secondary_visibility>1</secondary_visibility>
                              </technique>
                            </extra>
                          </node>
                          <extra>
                            <technique profile="OpenCOLLADA">
                              <cast_shadows>1</cast_shadows>
                              <primary_visibility>1</primary_visibility>
                              <receive_shadows>1</receive_shadows>
                              <secondary_visibility>1</secondary_visibility>
                            </technique>
                          </extra>
                        </node>
                        <extra>
                          <technique profile="OpenCOLLADA">
                            <cast_shadows>1</cast_shadows>
                            <primary_visibility>1</primary_visibility>
                            <receive_shadows>1</receive_shadows>
                            <secondary_visibility>1</secondary_visibility>
                          </technique>
                        </extra>
                      </node>
                      <node id="node-Bip001_R_Finger2" name="Bip001_R_Finger2">
                        <matrix>0.6260872 -0.7709936 -0.116549 0.2747862 0.7768893 0.6295786 0.008575805 0.01137877 0.06676483 -0.09591489 0.993148 0.01598471 0 0 0 1</matrix>
                        <node id="node-Bip001_R_Finger21" name="Bip001_R_Finger21">
                          <matrix>0.6643306 -0.747439 0 0.1239196 0.747439 0.6643305 -1.49012e-8 5.96046e-8 7.45058e-9 0 0.9999999 0 0 0 0 1</matrix>
                          <node id="node-Bip001_R_Finger22" name="Bip001_R_Finger22">
                            <matrix>0.5586713 -0.8293892 2.98023e-8 0.07462978 0.8293892 0.5586714 2.98023e-8 0 0 1.49012e-8 1 0 0 0 0 1</matrix>
                            <extra>
                              <technique profile="OpenCOLLADA">
                                <cast_shadows>1</cast_shadows>
                                <primary_visibility>1</primary_visibility>
                                <receive_shadows>1</receive_shadows>
                                <secondary_visibility>1</secondary_visibility>
                              </technique>
                            </extra>
                          </node>
                          <extra>
                            <technique profile="OpenCOLLADA">
                              <cast_shadows>1</cast_shadows>
                              <primary_visibility>1</primary_visibility>
                              <receive_shadows>1</receive_shadows>
                              <secondary_visibility>1</secondary_visibility>
                            </technique>
                          </extra>
                        </node>
                        <extra>
                          <technique profile="OpenCOLLADA">
                            <cast_shadows>1</cast_shadows>
                            <primary_visibility>1</primary_visibility>
                            <receive_shadows>1</receive_shadows>
                            <secondary_visibility>1</secondary_visibility>
                          </technique>
                        </extra>
                      </node>
                      <node id="node-Bip001_R_Finger3" name="Bip001_R_Finger3">
                        <matrix>0.5854146 -0.8093423 -0.04748815 0.2625217 0.8063139 0.5873314 -0.06999843 0.01878083 0.08454394 0.002687618 0.9964163 -0.05677435 0 0 0 1</matrix>
                        <node id="node-Bip001_R_Finger31" name="Bip001_R_Finger31">
                          <matrix>0.7848067 -0.6197405 0 0.1180727 0.6197405 0.7848067 0 0 -7.45058e-9 2.98023e-8 0.9999999 -1.19209e-7 0 0 0 1</matrix>
                          <node id="node-Bip001_R_Finger32" name="Bip001_R_Finger32">
                            <matrix>0.3381712 -0.9410846 0 0.07566071 0.9410846 0.3381713 0 0 0 -4.47035e-8 1 5.96046e-8 0 0 0 1</matrix>
                            <extra>
                              <technique profile="OpenCOLLADA">
                                <cast_shadows>1</cast_shadows>
                                <primary_visibility>1</primary_visibility>
                                <receive_shadows>1</receive_shadows>
                                <secondary_visibility>1</secondary_visibility>
                              </technique>
                            </extra>
                          </node>
                          <extra>
                            <technique profile="OpenCOLLADA">
                              <cast_shadows>1</cast_shadows>
                              <primary_visibility>1</primary_visibility>
                              <receive_shadows>1</receive_shadows>
                              <secondary_visibility>1</secondary_visibility>
                            </technique>
                          </extra>
                        </node>
                        <extra>
                          <technique profile="OpenCOLLADA">
                            <cast_shadows>1</cast_shadows>
                            <primary_visibility>1</primary_visibility>
                            <receive_shadows>1</receive_shadows>
                            <secondary_visibility>1</secondary_visibility>
                          </technique>
                        </extra>
                      </node>
                      <node id="node-Bip001_R_Finger4" name="Bip001_R_Finger4">
                        <matrix>0.838648 -0.5251326 0.1445865 0.2505701 0.5417518 0.8316816 -0.121699 0.02877176 -0.05634172 0.1803926 0.9819797 -0.1125897 0 0 0 1</matrix>
                        <node id="node-Bip001_R_Finger41" name="Bip001_R_Finger41">
                          <matrix>0.7446915 -0.6674088 0 0.08922815 0.6674088 0.7446915 4.84288e-8 0 -7.45058e-9 0 0.9999999 0 0 0 0 1</matrix>
                          <node id="node-Bip001_R_Finger42" name="Bip001_R_Finger42">
                            <matrix>0.7520778 -0.6590743 -7.45058e-9 0.05448139 0.6590743 0.7520778 0 5.96046e-8 -3.35276e-8 1.49012e-8 1 0 0 0 0 1</matrix>
                            <extra>
                              <technique profile="OpenCOLLADA">
                                <cast_shadows>1</cast_shadows>
                                <primary_visibility>1</primary_visibility>
                                <receive_shadows>1</receive_shadows>
                                <secondary_visibility>1</secondary_visibility>
                              </technique>
                            </extra>
                          </node>
                          <extra>
                            <technique profile="OpenCOLLADA">
                              <cast_shadows>1</cast_shadows>
                              <primary_visibility>1</primary_visibility>
                              <receive_shadows>1</receive_shadows>
                              <secondary_visibility>1</secondary_visibility>
                            </technique>
                          </extra>
                        </node>
                        <extra>
                          <technique profile="OpenCOLLADA">
                            <cast_shadows>1</cast_shadows>
                            <primary_visibility>1</primary_visibility>
                            <receive_shadows>1</receive_shadows>
                            <secondary_visibility>1</secondary_visibility>
                          </technique>
                        </extra>
                      </node>
                      <node id="node-Dummy23" name="Dummy23">
                        <matrix>0.9812863 -0.08189943 -0.1742686 0.2512237 0.08583166 0.9961947 0.01513514 0.1436003 0.172366 -0.02980965 0.9845816 0.1000882 0 0 0 1</matrix>
                        <node id="node-Object002" name="Object002">
                          <matrix>1.55 2.98023e-8 5.96046e-8 0.4136199 0 1.55 7.00355e-7 0 0 -7.30157e-7 1.55 -5.96046e-8 0 0 0 1</matrix>
                          
                          <node id="node-sverlo" name="sverlo">
                            <matrix sid="matrix">1 1.04308e-7 1.19209e-7 0.3739894 1.63913e-7 1 3.12924e-7 -0.003276467 8.9407e-8 -6.25849e-7 1 0.0383226 0 0 0 1</matrix>
                            <node>
                              <matrix>1 0 0 -0.3739893 0 1 0 0.003276562 0 0 1 -0.03832252 0 0 0 1</matrix>
                              
                            </node>
                            <extra>
                              <technique profile="OpenCOLLADA">
                                <cast_shadows>1</cast_shadows>
                                <primary_visibility>1</primary_visibility>
                                <receive_shadows>1</receive_shadows>
                                <secondary_visibility>1</secondary_visibility>
                              </technique>
                            </extra>
                          </node>
                          <extra>
                            <technique profile="OpenCOLLADA">
                              <cast_shadows>1</cast_shadows>
                              <primary_visibility>1</primary_visibility>
                              <receive_shadows>1</receive_shadows>
                              <secondary_visibility>1</secondary_visibility>
                            </technique>
                          </extra>
                        </node>
                        <extra>
                          <technique profile="OpenCOLLADA">
                            <cast_shadows>1</cast_shadows>
                            <primary_visibility>1</primary_visibility>
                            <receive_shadows>1</receive_shadows>
                            <secondary_visibility>1</secondary_visibility>
                          </technique>
                        </extra>
                      </node>
                      <extra>
                        <technique profile="OpenCOLLADA">
                          <cast_shadows>1</cast_shadows>
                          <primary_visibility>1</primary_visibility>
                          <receive_shadows>1</receive_shadows>
                          <secondary_visibility>1</secondary_visibility>
                        </technique>
                      </extra>
                    </node>
                    <extra>
                      <technique profile="OpenCOLLADA">
                        <cast_shadows>1</cast_shadows>
                        <primary_visibility>1</primary_visibility>
                        <receive_shadows>1</receive_shadows>
                        <secondary_visibility>1</secondary_visibility>
                      </technique>
                    </extra>
                  </node>
                  <node id="node-Bip001_RUpArmTwist" name="Bip001_RUpArmTwist">
                    <matrix sid="matrix">1 5.96046e-8 -8.9407e-8 1.78814e-7 0 0.9697355 -0.2441584 -5.96046e-8 -1.19209e-7 0.2441584 0.969736 0 0 0 0 1</matrix>
                    <node>
                      <matrix>0.2982649 0 0 0 0 1.27327 0 0 0 0 1.27327 0 0 0 0 1</matrix>
                      
                    </node>
                    <extra>
                      <technique profile="OpenCOLLADA">
                        <cast_shadows>1</cast_shadows>
                        <primary_visibility>1</primary_visibility>
                        <receive_shadows>1</receive_shadows>
                        <secondary_visibility>1</secondary_visibility>
                      </technique>
                    </extra>
                  </node>
                  <extra>
                    <technique profile="OpenCOLLADA">
                      <cast_shadows>1</cast_shadows>
                      <primary_visibility>1</primary_visibility>
                      <receive_shadows>1</receive_shadows>
                      <secondary_visibility>1</secondary_visibility>
                    </technique>
                  </extra>
                </node>
                <extra>
                  <technique profile="OpenCOLLADA">
                    <cast_shadows>1</cast_shadows>
                    <primary_visibility>1</primary_visibility>
                    <receive_shadows>1</receive_shadows>
                    <secondary_visibility>1</secondary_visibility>
                  </technique>
                </extra>
              </node>
              <node id="node-Bip001_Head" name="Bip001_Head">
                <matrix sid="matrix">0.7722721 0.634018 0.04021454 0.1646721 -0.6345839 0.7728518 0.001727551 0 -0.02998459 -0.02685364 0.9991895 2.98023e-8 0 0 0 1</matrix>
                <extra>
                  <technique profile="OpenCOLLADA">
                    <cast_shadows>1</cast_shadows>
                    <primary_visibility>1</primary_visibility>
                    <receive_shadows>1</receive_shadows>
                    <secondary_visibility>1</secondary_visibility>
                  </technique>
                </extra>
              </node>
              <extra>
                <technique profile="OpenCOLLADA">
                  <cast_shadows>1</cast_shadows>
                  <primary_visibility>1</primary_visibility>
                  <receive_shadows>1</receive_shadows>
                  <secondary_visibility>1</secondary_visibility>
                </technique>
              </extra>
            </node>
            <node id="node-Bip001_L_Thigh" name="Bip001_L_Thigh">
              <matrix sid="matrix">-0.1877305 0.96593 0.1781473 -0.2949231 0.9568745 0.1389158 0.2551343 0.09746814 0.2216944 0.2183612 -0.9503525 0.2767715 0 0 0 1</matrix>
              <node id="node-Bip001_L_Calf" name="Bip001_L_Calf">
                <matrix sid="matrix">0.08085412 0.9967259 -7.45058e-9 0.754025 -0.9967258 0.0808543 1.49012e-8 1.19209e-7 0 1.11759e-8 0.9999999 2.98023e-8 0 0 0 1</matrix>
                <node id="node-Bip001_L_HorseLink" name="Bip001_L_HorseLink">
                  <matrix sid="matrix">0.1014458 -0.9948413 2.23517e-8 0.6193798 0.994841 0.1014457 -1.11759e-8 1.49012e-8 5.96046e-8 -4.47035e-8 1 0 0 0 0 1</matrix>
                  <node id="node-Bip001_L_Foot" name="Bip001_L_Foot">
                    <matrix sid="matrix">0.6227504 0.78221 -0.01814733 0.3157223 -0.7778084 0.6214275 0.09402978 -1.19209e-7 0.08482825 -0.04444201 0.9954039 5.96046e-8 0 0 0 1</matrix>
                    <node id="node-Bip001_L_Toe0" name="Bip001_L_Toe0">
                      <matrix sid="matrix">-1.49648e-6 -1 1.40417e-6 0.2393353 0.9483239 -1.8647e-6 -0.3173037 0.5745062 0.3173037 8.56769e-7 0.9483239 0 0 0 0 1</matrix>
                      <extra>
                        <technique profile="OpenCOLLADA">
                          <cast_shadows>1</cast_shadows>
                          <primary_visibility>1</primary_visibility>
                          <receive_shadows>1</receive_shadows>
                          <secondary_visibility>1</secondary_visibility>
                        </technique>
                      </extra>
                    </node>
                    <extra>
                      <technique profile="OpenCOLLADA">
                        <cast_shadows>1</cast_shadows>
                        <primary_visibility>1</primary_visibility>
                        <receive_shadows>1</receive_shadows>
                        <secondary_visibility>1</secondary_visibility>
                      </technique>
                    </extra>
                  </node>
                  <extra>
                    <technique profile="OpenCOLLADA">
                      <cast_shadows>1</cast_shadows>
                      <primary_visibility>1</primary_visibility>
                      <receive_shadows>1</receive_shadows>
                      <secondary_visibility>1</secondary_visibility>
                    </technique>
                  </extra>
                </node>
                <extra>
                  <technique profile="OpenCOLLADA">
                    <cast_shadows>1</cast_shadows>
                    <primary_visibility>1</primary_visibility>
                    <receive_shadows>1</receive_shadows>
                    <secondary_visibility>1</secondary_visibility>
                  </technique>
                </extra>
              </node>
              <extra>
                <technique profile="OpenCOLLADA">
                  <cast_shadows>1</cast_shadows>
                  <primary_visibility>1</primary_visibility>
                  <receive_shadows>1</receive_shadows>
                  <secondary_visibility>1</secondary_visibility>
                </technique>
              </extra>
            </node>
            <node id="node-Bip001_R_Thigh" name="Bip001_R_Thigh">
              <matrix sid="matrix">-0.7560844 0.6413854 0.1302341 -0.2411442 0.4998398 0.6943506 -0.5177234 0.04381019 -0.4224883 -0.3263464 -0.8455778 -0.3360716 0 0 0 1</matrix>
              <node id="node-Bip001_R_Calf" name="Bip001_R_Calf">
                <matrix sid="matrix">0.1582967 0.9873916 0 0.7540252 -0.9873917 0.1582968 -7.45058e-9 2.98023e-8 2.23517e-8 -2.98023e-8 1 5.96046e-8 0 0 0 1</matrix>
                <node id="node-Bip001_R_HorseLink" name="Bip001_R_HorseLink">
