<?xml version="1.0" encoding="utf-8"?>
<COLLADA xmlns="http://www.collada.org/2005/11/COLLADASchema" version="1.4.1">
  <asset>
    <contributor>
      <author>IvanPopov</author>
      <authoring_tool>OpenCOLLADA for 3ds Max;  Version: 1.4.1;  Revision: exported;  Platform: x64;  Configuration: Release_Max2013_static</authoring_tool>
      <source_data>file:///C:/Users/IVANPO~1/AppData/Local/Temp/Rar$DIa0.374/minner_idle_002_027.max</source_data>
    </contributor>
    <created>2013-10-11T18:11:39</created>
    <modified>2013-10-11T18:11:39</modified>
    <unit name="meter" meter="1"/>
    <up_axis>Z_UP</up_axis>
  </asset>
  
  
  
  
  
  
  <library_visual_scenes>
    <visual_scene id="MaxScene">
      <node name="EnvironmentAmbientLight">
        
      </node>
      <node id="node-Object007" name="Object007">
        <node>
          <matrix>1 0 0 0 0 1 0 0 0 0 1 0.01014996 0 0 0 1</matrix>
          
        </node>
        <extra>
          <technique profile="OpenCOLLADA">
            <cast_shadows>1</cast_shadows>
            <primary_visibility>1</primary_visibility>
            <receive_shadows>1</receive_shadows>
            <secondary_visibility>1</secondary_visibility>
          </technique>
        </extra>
      </node>
      <node id="node-Bip001" name="Bip001">
        <matrix sid="matrix">1.19209e-6 1 3.8743e-7 0 -0.9659258 1.2517e-6 -0.2588193 0.05747892 -0.2588193 -5.96046e-8 0.9659258 1.415928 0 0 0 1</matrix>
        <node id="node-Bip001_Pelvis" name="Bip001_Pelvis" sid="joint0" type="JOINT">
          <matrix sid="matrix">0 1 -1.3868e-6 0 -1.3868e-6 1.3868e-6 1 0 1 0 1.3868e-6 0 0 0 0 1</matrix>
          <node id="node-Bip001_Spine" name="Bip001_Spine" sid="joint1" type="JOINT">
            <matrix sid="matrix">0.9620506 -0.2512633 0.1064212 0.2787663 0.2586016 0.964011 -0.06171029 -6.12646e-4 -0.08708567 0.08688912 0.9924043 -5.48094e-5 0 0 0 1</matrix>
            <node id="node-Bip001_Neck" name="Bip001_Neck" sid="joint2" type="JOINT">
              <matrix sid="matrix">0.5176187 -0.8556113 -2.36928e-6 0.8685975 0.8556112 0.5176188 -1.32993e-6 0.04702306 2.36626e-6 -1.35601e-6 1 1.19209e-7 0 0 0 1</matrix>
              <node id="node-Bip001_L_Clavicle" name="Bip001_L_Clavicle" sid="joint3" type="JOINT">
                <matrix sid="matrix">-0.3547492 -0.834815 0.4209951 -0.1128398 0.1853161 -0.5041294 -0.8435113 0.04512405 0.9164119 -0.2212178 0.3335441 0.1933147 0 0 0 1</matrix>
                <node id="node-Bip001_L_UpperArm" name="Bip001_L_UpperArm" sid="joint4" type="JOINT">
                  <matrix sid="matrix">0.7118254 -0.1771153 0.679658 0.4544815 0.5183381 0.7854675 -0.3381819 5.96046e-8 -0.4739519 0.593019 0.6509211 0 0 0 0 1</matrix>
                  <node id="node-Bip001_L_Forearm" name="Bip001_L_Forearm" sid="joint5" type="JOINT">
                    <matrix sid="matrix">0.6148161 0.7886705 1.49012e-8 0.5965298 -0.7886703 0.6148162 0 -1.19209e-7 0 0 0.9999999 -2.38419e-7 0 0 0 1</matrix>
                    <node id="node-Bip001_L_Hand" name="Bip001_L_Hand" sid="joint6" type="JOINT">
                      <matrix sid="matrix">0.8768094 0.1414054 -0.4595755 0.5669824 0.4426301 -0.6107405 0.6565629 -1.19209e-7 -0.1878399 -0.7791024 -0.5980933 0 0 0 0 1</matrix>
                      <node id="node-Bip001_L_Finger0" name="Bip001_L_Finger0" sid="joint7" type="JOINT">
                        <matrix>0.2939332 0.1585433 0.9425856 0.08770603 0.8077933 0.4859584 -0.3336383 0.06247294 -0.5109534 0.8594816 0.01476909 -0.1255724 0 0 0 1</matrix>
                        <node id="node-Bip001_L_Finger01" name="Bip001_L_Finger01" sid="joint8" type="JOINT">
                          <matrix>0.8799053 -0.4733408 0.04141191 0.07784271 0.475149 0.8765571 -0.0766888 5.96046e-8 2.98023e-8 0.08715568 0.9961947 5.96046e-8 0 0 0 1</matrix>
                          <node id="node-Bip001_L_Finger02" name="Bip001_L_Finger02" sid="joint9" type="JOINT">
                            <matrix>0.7840294 -0.6207238 -2.98023e-8 0.07784271 0.620724 0.7840291 -4.47035e-8 -2.98023e-8 0 0 1 0 0 0 0 1</matrix>
                            <extra>
                              <technique profile="OpenCOLLADA">
                                <cast_shadows>1</cast_shadows>
                                <primary_visibility>1</primary_visibility>
                                <receive_shadows>1</receive_shadows>
                                <secondary_visibility>1</secondary_visibility>
                              </technique>
                            </extra>
                          </node>
                          <extra>
                            <technique profile="OpenCOLLADA">
                              <cast_shadows>1</cast_shadows>
                              <primary_visibility>1</primary_visibility>
                              <receive_shadows>1</receive_shadows>
                              <secondary_visibility>1</secondary_visibility>
                            </technique>
                          </extra>
                        </node>
                        <extra>
                          <technique profile="OpenCOLLADA">
                            <cast_shadows>1</cast_shadows>
                            <primary_visibility>1</primary_visibility>
                            <receive_shadows>1</receive_shadows>
                            <secondary_visibility>1</secondary_visibility>
                          </technique>
                        </extra>
                      </node>
                      <node id="node-Bip001_L_Finger1" name="Bip001_L_Finger1" sid="joint10" type="JOINT">
                        <matrix>0.7080162 -0.6595932 0.2522898 0.2669588 0.6977218 0.7085367 -0.1056411 0.01472104 -0.1090765 0.2508237 0.9618677 -0.08600575 0 0 0 1</matrix>
                        <node id="node-Bip001_L_Finger11" name="Bip001_L_Finger11" sid="joint11" type="JOINT">
                          <matrix>0.5080726 -0.8613141 0 0.1131707 0.8613141 0.5080727 -2.98023e-8 -1.19209e-7 2.23517e-8 0 0.9999999 2.98023e-8 0 0 0 1</matrix>
                          <node id="node-Bip001_L_Finger12" name="Bip001_L_Finger12" sid="joint12" type="JOINT">
                            <matrix>0.8520785 -0.5234142 1.49012e-8 0.07134199 0.5234142 0.8520785 2.98023e-8 0 0 -2.98023e-8 1 2.98023e-8 0 0 0 1</matrix>
                            <extra>
                              <technique profile="OpenCOLLADA">
                                <cast_shadows>1</cast_shadows>
                                <primary_visibility>1</primary_visibility>
                                <receive_shadows>1</receive_shadows>
                                <secondary_visibility>1</secondary_visibility>
                              </technique>
                            </extra>
                          </node>
                          <extra>
                            <technique profile="OpenCOLLADA">
                              <cast_shadows>1</cast_shadows>
                              <primary_visibility>1</primary_visibility>
                              <receive_shadows>1</receive_shadows>
                              <secondary_visibility>1</secondary_visibility>
                            </technique>
                          </extra>
                        </node>
                        <extra>
                          <technique profile="OpenCOLLADA">
                            <cast_shadows>1</cast_shadows>
                            <primary_visibility>1</primary_visibility>
                            <receive_shadows>1</receive_shadows>
                            <secondary_visibility>1</secondary_visibility>
                          </technique>
                        </extra>
                      </node>
                      <node id="node-Bip001_L_Finger2" name="Bip001_L_Finger2" sid="joint13" type="JOINT">
                        <matrix>0.6260874 -0.7709936 0.116549 0.2747864 0.7768894 0.6295787 -0.008575797 0.01137865 -0.06676483 0.09591489 0.993148 -0.01598474 0 0 0 1</matrix>
                        <node id="node-Bip001_L_Finger21" name="Bip001_L_Finger21" sid="joint14" type="JOINT">
                          <matrix>0.7269461 -0.6866946 0 0.1239196 0.6866946 0.7269461 1.86265e-8 1.19209e-7 -1.49012e-8 -2.98023e-8 1 2.98023e-8 0 0 0 1</matrix>
                          <node id="node-Bip001_L_Finger22" name="Bip001_L_Finger22" sid="joint15" type="JOINT">
                            <matrix>0.5586714 -0.8293892 -2.98023e-8 0.07462978 0.8293892 0.5586714 0 -1.19209e-7 1.49012e-8 8.9407e-8 1 -2.98023e-8 0 0 0 1</matrix>
                            <extra>
                              <technique profile="OpenCOLLADA">
                                <cast_shadows>1</cast_shadows>
                                <primary_visibility>1</primary_visibility>
                                <receive_shadows>1</receive_shadows>
                                <secondary_visibility>1</secondary_visibility>
                              </technique>
                            </extra>
                          </node>
                          <extra>
                            <technique profile="OpenCOLLADA">
                              <cast_shadows>1</cast_shadows>
                              <primary_visibility>1</primary_visibility>
                              <receive_shadows>1</receive_shadows>
                              <secondary_visibility>1</secondary_visibility>
                            </technique>
                          </extra>
                        </node>
                        <extra>
                          <technique profile="OpenCOLLADA">
                            <cast_shadows>1</cast_shadows>
                            <primary_visibility>1</primary_visibility>
                            <receive_shadows>1</receive_shadows>
                            <secondary_visibility>1</secondary_visibility>
                          </technique>
                        </extra>
                      </node>
                      <node id="node-Bip001_L_Finger3" name="Bip001_L_Finger3" sid="joint16" type="JOINT">
                        <matrix>0.5854147 -0.8093423 0.04748803 0.2625219 0.806314 0.5873314 0.06999831 0.01878083 -0.08454391 -0.002687685 0.9964162 0.05677438 0 0 0 1</matrix>
                        <node id="node-Bip001_L_Finger31" name="Bip001_L_Finger31" sid="joint17" type="JOINT">
                          <matrix>0.7848066 -0.6197407 0 0.1180726 0.6197405 0.7848067 -7.45058e-9 -5.96046e-8 -1.49012e-8 -2.98023e-8 1 -5.96046e-8 0 0 0 1</matrix>
                          <node id="node-Bip001_L_Finger32" name="Bip001_L_Finger32" sid="joint18" type="JOINT">
                            <matrix>0.7042068 -0.709995 0 0.07566082 0.709995 0.7042066 -1.49012e-8 5.96046e-8 0 0 1 5.96046e-8 0 0 0 1</matrix>
                            <extra>
                              <technique profile="OpenCOLLADA">
                                <cast_shadows>1</cast_shadows>
                                <primary_visibility>1</primary_visibility>
                                <receive_shadows>1</receive_shadows>
                                <secondary_visibility>1</secondary_visibility>
                              </technique>
                            </extra>
                          </node>
                          <extra>
                            <technique profile="OpenCOLLADA">
                              <cast_shadows>1</cast_shadows>
                              <primary_visibility>1</primary_visibility>
                              <receive_shadows>1</receive_shadows>
                              <secondary_visibility>1</secondary_visibility>
                            </technique>
                          </extra>
                        </node>
                        <extra>
                          <technique profile="OpenCOLLADA">
                            <cast_shadows>1</cast_shadows>
                            <primary_visibility>1</primary_visibility>
                            <receive_shadows>1</receive_shadows>
                            <secondary_visibility>1</secondary_visibility>
                          </technique>
                        </extra>
                      </node>
                      <node id="node-Bip001_L_Finger4" name="Bip001_L_Finger4" sid="joint19" type="JOINT">
                        <matrix>0.8386481 -0.5251325 -0.1445865 0.2505702 0.5417519 0.8316817 0.121699 0.02877176 0.05634171 -0.1803925 0.9819797 0.1125897 0 0 0 1</matrix>
                        <node id="node-Bip001_L_Finger41" name="Bip001_L_Finger41" sid="joint20" type="JOINT">
                          <matrix>0.8000261 -0.5999652 -2.98023e-8 0.08922815 0.5999652 0.8000261 7.45058e-9 1.19209e-7 -5.96046e-8 0 1 8.9407e-8 0 0 0 1</matrix>
                          <node id="node-Bip001_L_Finger42" name="Bip001_L_Finger42" sid="joint21" type="JOINT">
                            <matrix>0.806658 -0.5910187 0 0.05448139 0.5910188 0.8066579 1.49012e-8 -5.96046e-8 -1.49012e-8 -5.96046e-8 1 -5.96046e-8 0 0 0 1</matrix>
                            <extra>
                              <technique profile="OpenCOLLADA">
                                <cast_shadows>1</cast_shadows>
                                <primary_visibility>1</primary_visibility>
                                <receive_shadows>1</receive_shadows>
                                <secondary_visibility>1</secondary_visibility>
                              </technique>
                            </extra>
                          </node>
                          <extra>
                            <technique profile="OpenCOLLADA">
                              <cast_shadows>1</cast_shadows>
                              <primary_visibility>1</primary_visibility>
                              <receive_shadows>1</receive_shadows>
                              <secondary_visibility>1</secondary_visibility>
                            </technique>
                          </extra>
                        </node>
                        <extra>
                          <technique profile="OpenCOLLADA">
                            <cast_shadows>1</cast_shadows>
                            <primary_visibility>1</primary_visibility>
                            <receive_shadows>1</receive_shadows>
                            <secondary_visibility>1</secondary_visibility>
                          </technique>
                        </extra>
                      </node>
                      <node id="node-Dummy02" name="Dummy02">
                        <matrix>0.03131896 7.45058e-8 -0.3579779 0.251887 1.2666e-7 0.3593453 1.49012e-7 0.1409912 0.3579779 -1.71363e-7 0.03131893 0.1718634 0 0 0 1</matrix>
                        <node id="node-Object001" name="Object001">
                          <matrix>1.730719 -8.9407e-8 -5.96046e-8 2.38419e-7 0 1.730719 0 4.76837e-7 2.98023e-8 -5.96046e-8 1.730719 0 0 0 0 1</matrix>
                          
                          <extra>
                            <technique profile="OpenCOLLADA">
                              <cast_shadows>1</cast_shadows>
                              <primary_visibility>1</primary_visibility>
                              <receive_shadows>1</receive_shadows>
                              <secondary_visibility>1</secondary_visibility>
                            </technique>
                          </extra>
                        </node>
                        <extra>
                          <technique profile="OpenCOLLADA">
                            <cast_shadows>1</cast_shadows>
                            <primary_visibility>1</primary_visibility>
                            <receive_shadows>1</receive_shadows>
                            <secondary_visibility>1</secondary_visibility>
                          </technique>
                        </extra>
                      </node>
                      <node id="node-Dummy010" name="Dummy010" sid="joint60" type="JOINT">
                        <matrix>0.967216 -0.2108356 0.1415733 0.1684862 0.2402045 0.5785289 -0.7794915 0.04655266 0.08244038 0.787943 0.6102062 0.2575844 0 0 0 1</matrix>
                        <extra>
                          <technique profile="OpenCOLLADA">
                            <cast_shadows>1</cast_shadows>
                            <primary_visibility>1</primary_visibility>
                            <receive_shadows>1</receive_shadows>
                            <secondary_visibility>1</secondary_visibility>
                          </technique>
                        </extra>
                      </node>
                      <node id="node-Dummy009" name="Dummy009" sid="joint59" type="JOINT">
                        <matrix>0.9994912 -0.02099361 0.02404395 0.04461336 0.03181851 0.5954685 -0.8027487 0.02344024 0.002535522 0.8031045 0.5958338 0.2541998 0 0 0 1</matrix>
                        <extra>
                          <technique profile="OpenCOLLADA">
                            <cast_shadows>1</cast_shadows>
                            <primary_visibility>1</primary_visibility>
                            <receive_shadows>1</receive_shadows>
                            <secondary_visibility>1</secondary_visibility>
                          </technique>
                        </extra>
                      </node>
                      <extra>
                        <technique profile="OpenCOLLADA">
                          <cast_shadows>1</cast_shadows>
                          <primary_visibility>1</primary_visibility>
                          <receive_shadows>1</receive_shadows>
                          <secondary_visibility>1</secondary_visibility>
                        </technique>
                      </extra>
                    </node>
                    <node id="node-Dummy011" name="Dummy011" sid="joint61" type="JOINT">
                      <matrix>0.9990898 -0.03712596 -0.0210174 0.05845225 0.03324005 0.3685901 0.9289978 0.2301222 -0.02674359 -0.9288502 0.3694887 -0.1393368 0 0 0 1</matrix>
                      <extra>
                        <technique profile="OpenCOLLADA">
                          <cast_shadows>1</cast_shadows>
                          <primary_visibility>1</primary_visibility>
                          <receive_shadows>1</receive_shadows>
                          <secondary_visibility>1</secondary_visibility>
                        </technique>
                      </extra>
                    </node>
                    <node id="node-Dummy008" name="Dummy008" sid="joint58" type="JOINT">
                      <matrix>0.9962837 -0.05080058 0.0695599 0.4055026 -0.04499096 0.3817276 0.9231801 0.2143624 -0.07345131 -0.9228784 0.3780233 -0.1206355 0 0 0 1</matrix>
                      <extra>
                        <technique profile="OpenCOLLADA">
                          <cast_shadows>1</cast_shadows>
                          <primary_visibility>1</primary_visibility>
                          <receive_shadows>1</receive_shadows>
                          <secondary_visibility>1</secondary_visibility>
                        </technique>
                      </extra>
                    </node>
                    <node id="node-Dummy007" name="Dummy007" sid="joint57" type="JOINT">
                      <matrix>0.9963841 0.08082482 0.02620944 0.2535098 -0.05458422 0.3724802 0.9264343 0.2218454 0.06511587 -0.9245148 0.3755442 -0.1285219 0 0 0 1</matrix>
                      <extra>
                        <technique profile="OpenCOLLADA">
                          <cast_shadows>1</cast_shadows>
                          <primary_visibility>1</primary_visibility>
                          <receive_shadows>1</receive_shadows>
                          <secondary_visibility>1</secondary_visibility>
                        </technique>
                      </extra>
                    </node>
                    <extra>
                      <technique profile="OpenCOLLADA">
                        <cast_shadows>1</cast_shadows>
                        <primary_visibility>1</primary_visibility>
                        <receive_shadows>1</receive_shadows>
                        <secondary_visibility>1</secondary_visibility>
                      </technique>
                    </extra>
                  </node>
                  <node id="node-Dummy006" name="Dummy006" sid="joint56" type="JOINT">
                    <matrix>0.9010376 -0.02708709 0.4328942 0.6667629 -0.3822336 0.42214 0.8220074 0.2157171 -0.2050078 -0.9061259 0.3700103 -0.1285101 0 0 0 1</matrix>
                    <extra>
                      <technique profile="OpenCOLLADA">
                        <cast_shadows>1</cast_shadows>
                        <primary_visibility>1</primary_visibility>
                        <receive_shadows>1</receive_shadows>
                        <secondary_visibility>1</secondary_visibility>
                      </technique>
                    </extra>
                  </node>
                  <node id="node-Dummy005" name="Dummy005" sid="joint55" type="JOINT">
                    <matrix>0.8482871 -0.4165539 0.3269437 0.5346519 -0.09467158 0.4881661 0.867601 0.2494948 -0.5210051 -0.7669271 0.3746687 -0.07564783 0 0 0 1</matrix>
                    <extra>
                      <technique profile="OpenCOLLADA">
                        <cast_shadows>1</cast_shadows>
                        <primary_visibility>1</primary_visibility>
                        <receive_shadows>1</receive_shadows>
                        <secondary_visibility>1</secondary_visibility>
                      </technique>
                    </extra>
                  </node>
                  <node id="node-Dummy004" name="Dummy004" sid="joint54" type="JOINT">
                    <matrix>0.8104396 -0.5767963 -0.1024389 0.3842924 0.5524553 0.6943323 0.4611901 0.267019 -0.1948855 -0.4303595 0.8813688 -0.002521873 0 0 0 1</matrix>
                    <extra>
                      <technique profile="OpenCOLLADA">
                        <cast_shadows>1</cast_shadows>
                        <primary_visibility>1</primary_visibility>
                        <receive_shadows>1</receive_shadows>
                        <secondary_visibility>1</secondary_visibility>
                      </technique>
                    </extra>
                  </node>
                  <node id="node-Bip001_LUpArmTwist" name="Bip001_LUpArmTwist" sid="joint22" type="JOINT">
                    <matrix sid="matrix">1 1.04308e-7 -5.96046e-8 -1.19209e-7 1.3411e-7 0.9697351 0.2441577 -2.38419e-7 -2.98023e-8 -0.2441579 0.9697351 -3.57628e-7 0 0 0 1</matrix>
                    <node>
                      <matrix>0.2982649 0 0 0 0 1.27327 0 0 0 0 1.27327 0 0 0 0 1</matrix>
                      
                    </node>
                    <node id="node-Dummy003" name="Dummy003" sid="joint53" type="JOINT">
                      <matrix>0.8203101 -0.5339478 0.2049174 0.1998931 0.2420287 0.6487299 0.721507 0.1740152 -0.5181828 -0.5422635 0.6613902 0.2138213 0 0 0 1</matrix>
                      <extra>
                        <technique profile="OpenCOLLADA">
                          <cast_shadows>1</cast_shadows>
                          <primary_visibility>1</primary_visibility>
                          <receive_shadows>1</receive_shadows>
                          <secondary_visibility>1</secondary_visibility>
                        </technique>
                      </extra>
                    </node>
                    <extra>
                      <technique profile="OpenCOLLADA">
                        <cast_shadows>1</cast_shadows>
                        <primary_visibility>1</primary_visibility>
                        <receive_shadows>1</receive_shadows>
                        <secondary_visibility>1</secondary_visibility>
                      </technique>
                    </extra>
                  </node>
                  <extra>
                    <technique profile="OpenCOLLADA">
                      <cast_shadows>1</cast_shadows>
                      <primary_visibility>1</primary_visibility>
                      <receive_shadows>1</receive_shadows>
                      <secondary_visibility>1</secondary_visibility>
                    </technique>
                  </extra>
                </node>
                <extra>
                  <technique profile="OpenCOLLADA">
                    <cast_shadows>1</cast_shadows>
                    <primary_visibility>1</primary_visibility>
                    <receive_shadows>1</receive_shadows>
                    <secondary_visibility>1</secondary_visibility>
                  </technique>
                </extra>
              </node>
              <node id="node-Bip001_R_Clavicle" name="Bip001_R_Clavicle" sid="joint23" type="JOINT">
                <matrix sid="matrix">0.03315212 -0.8553811 -0.5169374 -0.1128402 0.02002279 -0.5165493 0.8560231 0.04512501 -0.9992497 -0.03872952 2.41399e-6 -0.1933119 0 0 0 1</matrix>
                <node id="node-Bip001_R_UpperArm" name="Bip001_R_UpperArm" sid="joint24" type="JOINT">
                  <matrix sid="matrix">0.8603227 0.1705625 -0.4803679 0.4544815 -0.1852052 0.9825499 0.01717409 0 0.4749146 0.07419136 0.8768991 -2.38419e-7 0 0 0 1</matrix>
                  <node id="node-Bip001_R_Forearm" name="Bip001_R_Forearm" sid="joint25" type="JOINT">
                    <matrix sid="matrix">0.5608441 0.8279215 2.98023e-8 0.5965298 -0.8279214 0.560844 -2.98023e-8 -5.96046e-8 2.98023e-8 -1.04308e-7 0.9999999 0 0 0 0 1</matrix>
                    <node id="node-Bip001_R_Hand" name="Bip001_R_Hand" sid="joint26" type="JOINT">
                      <matrix sid="matrix">0.9152036 -0.1975738 0.3512362 0.5669822 0.2359489 -0.4438558 -0.8644768 5.96046e-8 0.3266962 0.8740462 -0.3596011 0 0 0 0 1</matrix>
                      <node id="node-Bip001_R_Finger0" name="Bip001_R_Finger0" sid="joint27" type="JOINT">
                        <matrix>0.2939332 0.1585433 -0.9425854 0.08770603 0.8077933 0.4859583 0.3336383 0.06247306 0.5109533 -0.8594815 0.01476911 0.1255724 0 0 0 1</matrix>
                        <node id="node-Bip001_R_Finger01" name="Bip001_R_Finger01" sid="joint28" type="JOINT">
                          <matrix>0.8799056 -0.4733405 -0.04141186 0.07784271 0.4751486 0.8765574 0.07668877 0 -5.96046e-8 -0.08715577 0.9961948 -5.96046e-8 0 0 0 1</matrix>
                          <node id="node-Bip001_R_Finger02" name="Bip001_R_Finger02" sid="joint29" type="JOINT">
                            <matrix>0.7721181 -0.6207238 0.1361453 0.07784247 0.6112936 0.7840292 0.1077876 0 -0.1736482 -7.45058e-8 0.9848077 2.38419e-7 0 0 0 1</matrix>
                            <extra>
                              <technique profile="OpenCOLLADA">
                                <cast_shadows>1</cast_shadows>
                                <primary_visibility>1</primary_visibility>
                                <receive_shadows>1</receive_shadows>
                                <secondary_visibility>1</secondary_visibility>
                              </technique>
                            </extra>
                          </node>
                          <extra>
                            <technique profile="OpenCOLLADA">
                              <cast_shadows>1</cast_shadows>
                              <primary_visibility>1</primary_visibility>
                              <receive_shadows>1</receive_shadows>
                              <secondary_visibility>1</secondary_visibility>
                            </technique>
                          </extra>
                        </node>
                        <extra>
                          <technique profile="OpenCOLLADA">
                            <cast_shadows>1</cast_shadows>
                            <primary_visibility>1</primary_visibility>
                            <receive_shadows>1</receive_shadows>
                            <secondary_visibility>1</secondary_visibility>
                          </technique>
                        </extra>
                      </node>
                      <node id="node-Bip001_R_Finger1" name="Bip001_R_Finger1" sid="joint30" type="JOINT">
                        <matrix>0.6478344 -0.7187909 -0.25229 0.2669586 0.7568198 0.64503 0.105641 0.01472104 0.08680089 -0.2593759 0.9618677 0.08600569 0 0 0 1</matrix>
                        <node id="node-Bip001_R_Finger11" name="Bip001_R_Finger11" sid="joint31" type="JOINT">
                          <matrix>0.4310708 -0.902318 -2.98023e-8 0.1131709 0.9023181 0.4310709 -1.49012e-8 -5.96046e-8 1.86265e-8 2.98023e-8 1 1.19209e-7 0 0 0 1</matrix>
                          <node id="node-Bip001_R_Finger12" name="Bip001_R_Finger12" sid="joint32" type="JOINT">
                            <matrix>0.8944547 -0.4471587 -4.65661e-9 0.07134187 0.4471588 0.8944547 2.98023e-8 1.19209e-7 2.98023e-8 2.98023e-8 0.9999999 0 0 0 0 1</matrix>
                            <extra>
                              <technique profile="OpenCOLLADA">
                                <cast_shadows>1</cast_shadows>
                                <primary_visibility>1</primary_visibility>
                                <receive_shadows>1</receive_shadows>
                                <secondary_visibility>1</secondary_visibility>
                              </technique>
                            </extra>
                          </node>
                          <extra>
                            <technique profile="OpenCOLLADA">
                              <cast_shadows>1</cast_shadows>
                              <primary_visibility>1</primary_visibility>
                              <receive_shadows>1</receive_shadows>
                              <secondary_visibility>1</secondary_visibility>
                            </technique>
                          </extra>
                        </node>
                        <extra>
                          <technique profile="OpenCOLLADA">
                            <cast_shadows>1</cast_shadows>
                            <primary_visibility>1</primary_visibility>
                            <receive_shadows>1</receive_shadows>
                            <secondary_visibility>1</secondary_visibility>
                          </technique>
                        </extra>
                      </node>
                      <node id="node-Bip001_R_Finger2" name="Bip001_R_Finger2" sid="joint33" type="JOINT">
                        <matrix>0.6260872 -0.7709935 -0.116549 0.2747864 0.7768893 0.6295787 0.00857579 0.01137877 0.06676486 -0.09591484 0.9931478 0.01598471 0 0 0 1</matrix>
                        <node id="node-Bip001_R_Finger21" name="Bip001_R_Finger21" sid="joint34" type="JOINT">
                          <matrix>0.6643306 -0.7474391 -2.98023e-8 0.1239197 0.747439 0.6643306 -2.98023e-8 5.96046e-8 7.45058e-9 0 1 0 0 0 0 1</matrix>
                          <node id="node-Bip001_R_Finger22" name="Bip001_R_Finger22" sid="joint35" type="JOINT">
                            <matrix>0.5586715 -0.8293892 0 0.07462978 0.8293892 0.5586713 -2.98023e-8 1.19209e-7 -8.9407e-8 4.47035e-8 1 0 0 0 0 1</matrix>
                            <extra>
                              <technique profile="OpenCOLLADA">
                                <cast_shadows>1</cast_shadows>
                                <primary_visibility>1</primary_visibility>
                                <receive_shadows>1</receive_shadows>
                                <secondary_visibility>1</secondary_visibility>
                              </technique>
                            </extra>
                          </node>
                          <extra>
                            <technique profile="OpenCOLLADA">
                              <cast_shadows>1</cast_shadows>
                              <primary_visibility>1</primary_visibility>
                              <receive_shadows>1</receive_shadows>
                              <secondary_visibility>1</secondary_visibility>
                            </technique>
                          </extra>
                        </node>
                        <extra>
                          <technique profile="OpenCOLLADA">
                            <cast_shadows>1</cast_shadows>
                            <primary_visibility>1</primary_visibility>
                            <receive_shadows>1</receive_shadows>
                            <secondary_visibility>1</secondary_visibility>
                          </technique>
                        </extra>
                      </node>
                      <node id="node-Bip001_R_Finger3" name="Bip001_R_Finger3" sid="joint36" type="JOINT">
                        <matrix>0.5854146 -0.8093423 -0.04748817 0.2625216 0.806314 0.5873313 -0.06999839 0.01878071 0.08454396 0.002687708 0.9964162 -0.05677429 0 0 0 1</matrix>
                        <node id="node-Bip001_R_Finger31" name="Bip001_R_Finger31" sid="joint37" type="JOINT">
                          <matrix>0.7848067 -0.6197406 0 0.1180727 0.6197405 0.7848067 4.47035e-8 1.78814e-7 4.47035e-8 0 1 0 0 0 0 1</matrix>
                          <node id="node-Bip001_R_Finger32" name="Bip001_R_Finger32" sid="joint38" type="JOINT">
                            <matrix>0.3381713 -0.9410846 1.49012e-8 0.07566094 0.9410845 0.3381713 -2.98023e-8 0 5.96046e-8 1.49012e-8 1 5.96046e-8 0 0 0 1</matrix>
                            <extra>
                              <technique profile="OpenCOLLADA">
                                <cast_shadows>1</cast_shadows>
                                <primary_visibility>1</primary_visibility>
                                <receive_shadows>1</receive_shadows>
                                <secondary_visibility>1</secondary_visibility>
                              </technique>
                            </extra>
                          </node>
                          <extra>
                            <technique profile="OpenCOLLADA">
                              <cast_shadows>1</cast_shadows>
                              <primary_visibility>1</primary_visibility>
                              <receive_shadows>1</receive_shadows>
                              <secondary_visibility>1</secondary_visibility>
                            </technique>
                          </extra>
                        </node>
                        <extra>
                          <technique profile="OpenCOLLADA">
                            <cast_shadows>1</cast_shadows>
                            <primary_visibility>1</primary_visibility>
                            <receive_shadows>1</receive_shadows>
                            <secondary_visibility>1</secondary_visibility>
                          </technique>
                        </extra>
                      </node>
                      <node id="node-Bip001_R_Finger4" name="Bip001_R_Finger4" sid="joint39" type="JOINT">
                        <matrix>0.838648 -0.5251325 0.1445864 0.25057 0.5417517 0.8316816 -0.121699 0.02877164 -0.05634174 0.1803926 0.9819796 -0.1125896 0 0 0 1</matrix>
                        <node id="node-Bip001_R_Finger41" name="Bip001_R_Finger41" sid="joint40" type="JOINT">
                          <matrix>0.7446915 -0.6674088 1.49012e-8 0.08922815 0.6674088 0.7446915 3.72529e-9 0 0 -1.49012e-8 1 5.96046e-8 0 0 0 1</matrix>
                          <node id="node-Bip001_R_Finger42" name="Bip001_R_Finger42" sid="joint41" type="JOINT">
                            <matrix>0.7520778 -0.6590744 -7.45058e-9 0.05448139 0.6590744 0.7520779 2.98023e-8 -5.96046e-8 -6.14673e-8 1.49012e-8 1 -5.96046e-8 0 0 0 1</matrix>
                            <extra>
                              <technique profile="OpenCOLLADA">
                                <cast_shadows>1</cast_shadows>
                                <primary_visibility>1</primary_visibility>
                                <receive_shadows>1</receive_shadows>
                                <secondary_visibility>1</secondary_visibility>
                              </technique>
                            </extra>
                          </node>
                          <extra>
                            <technique profile="OpenCOLLADA">
                              <cast_shadows>1</cast_shadows>
                              <primary_visibility>1</primary_visibility>
                              <receive_shadows>1</receive_shadows>
                              <secondary_visibility>1</secondary_visibility>
                            </technique>
                          </extra>
                        </node>
                        <extra>
                          <technique profile="OpenCOLLADA">
                            <cast_shadows>1</cast_shadows>
                            <primary_visibility>1</primary_visibility>
                            <receive_shadows>1</receive_shadows>
                            <secondary_visibility>1</secondary_visibility>
                          </technique>
                        </extra>
                      </node>
                      <node id="node-Dummy23" name="Dummy23">
                        <matrix>0.9812863 -0.08189934 -0.1742687 0.2512237 0.0858317 0.9961946 0.01513512 0.1436005 0.1723659 -0.02980955 0.9845816 0.1000882 0 0 0 1</matrix>
                        <node id="node-Object002" name="Object002">
                          <matrix>1.55 -5.96046e-8 5.96046e-8 0.4136199 2.98023e-8 1.55 7.7486e-7 1.19209e-7 0 -6.55651e-7 1.55 -1.19209e-7 0 0 0 1</matrix>
                          
                          <extra>
                            <technique profile="OpenCOLLADA">
                              <cast_shadows>1</cast_shadows>
                              <primary_visibility>1</primary_visibility>
                              <receive_shadows>1</receive_shadows>
                              <secondary_visibility>1</secondary_visibility>
                            </technique>
                          </extra>
                        </node>
                        <extra>
                          <technique profile="OpenCOLLADA">
                            <cast_shadows>1</cast_shadows>
                            <primary_visibility>1</primary_visibility>
                            <receive_shadows>1</receive_shadows>
                            <secondary_visibility>1</secondary_visibility>
                          </technique>
                        </extra>
                      </node>
                      <node id="node-Dummy022" name="Dummy022" sid="joint72" type="JOINT">
                        <matrix>0.9870414 0.1121873 -0.1147344 0.1379614 0.1474614 -0.9161152 0.3728111 0.04151797 -0.06328583 -0.3848991 -0.920787 -0.2585806 0 0 0 1</matrix>
                        <extra>
                          <technique profile="OpenCOLLADA">
                            <cast_shadows>1</cast_shadows>
                            <primary_visibility>1</primary_visibility>
                            <receive_shadows>1</receive_shadows>
                            <secondary_visibility>1</secondary_visibility>
                          </technique>
                        </extra>
                      </node>
                      <node id="node-Dummy021" name="Dummy021" sid="joint71" type="JOINT">
                        <matrix>0.9903158 -0.1382052 -0.01321036 -2.26259e-4 -0.1228092 -0.9164062 0.3809428 0.03629231 -0.06475441 -0.3756316 -0.9245042 -0.2488647 0 0 0 1</matrix>
                        <extra>
