<?xml version="1.0" encoding="utf-8"?>
<COLLADA xmlns="http://www.collada.org/2005/11/COLLADASchema" version="1.4.1">
  <asset>
    <contributor>
      <author>IvanPopov</author>
      <authoring_tool>OpenCOLLADA for 3ds Max;  Version: 1.4.1;  Revision: exported;  Platform: x64;  Configuration: Release_Max2013_static</authoring_tool>
      <source_data>file:///C:/Users/IVANPO~1/AppData/Local/Temp/Rar$DIa0.994/minner_work_002_012.max</source_data>
    </contributor>
    <created>2013-10-11T18:37:49</created>
    <modified>2013-10-11T18:37:49</modified>
    <unit name="meter" meter="1"/>
    <up_axis>Z_UP</up_axis>
  </asset>
  
  
  
  
  <library_visual_scenes>
    <visual_scene id="MaxScene">
      <node name="EnvironmentAmbientLight">
        
      </node>
      <node id="node-Bip001" name="Bip001">
        <matrix sid="matrix">1.19209e-6 1 3.8743e-7 0 -0.9659258 1.2517e-6 -0.2588193 0.05747892 -0.2588193 -5.96046e-8 0.9659258 1.415928 0 0 0 1</matrix>
        <node id="node-Bip001_Pelvis" name="Bip001_Pelvis">
          <matrix sid="matrix">0 1 -1.3868e-6 0 -1.3868e-6 1.3868e-6 1 0 1 0 1.3868e-6 0 0 0 0 1</matrix>
          <node id="node-Bip001_Spine" name="Bip001_Spine">
            <matrix sid="matrix">0.9620506 -0.2512633 0.1064212 0.2787663 0.2586016 0.964011 -0.06171029 -6.12646e-4 -0.08708567 0.08688912 0.9924043 -5.48094e-5 0 0 0 1</matrix>
            <node id="node-Bip001_Neck" name="Bip001_Neck">
              <matrix sid="matrix">0.5176187 -0.8556113 -2.36928e-6 0.8685975 0.8556112 0.5176188 -1.32993e-6 0.04702306 2.36626e-6 -1.35601e-6 1 1.19209e-7 0 0 0 1</matrix>
              <node id="node-Bip001_L_Clavicle" name="Bip001_L_Clavicle">
                <matrix sid="matrix">-0.3547492 -0.834815 0.4209951 -0.1128398 0.1853161 -0.5041294 -0.8435113 0.04512405 0.9164119 -0.2212178 0.3335441 0.1933147 0 0 0 1</matrix>
                <node id="node-Bip001_L_UpperArm" name="Bip001_L_UpperArm">
                  <matrix sid="matrix">0.7118254 -0.1771153 0.679658 0.4544815 0.5183381 0.7854675 -0.3381819 5.96046e-8 -0.4739519 0.593019 0.6509211 0 0 0 0 1</matrix>
                  <node id="node-Bip001_L_Forearm" name="Bip001_L_Forearm">
                    <matrix sid="matrix">0.6148161 0.7886705 1.49012e-8 0.5965298 -0.7886703 0.6148162 0 -1.19209e-7 0 0 0.9999999 -2.38419e-7 0 0 0 1</matrix>
                    <node id="node-Bip001_L_Hand" name="Bip001_L_Hand">
                      <matrix sid="matrix">0.8768094 0.1414055 -0.4595755 0.5669824 0.4426301 -0.6107405 0.6565629 -1.19209e-7 -0.1878399 -0.7791024 -0.5980933 0 0 0 0 1</matrix>
                      <node id="node-Bip001_L_Finger0" name="Bip001_L_Finger0">
                        <matrix sid="matrix">0.2939333 0.1585433 0.9425856 0.08770609 0.8077934 0.4859584 -0.3336384 0.06247294 -0.5109534 0.8594817 0.01476908 -0.1255724 0 0 0 1</matrix>
                        <node id="node-Bip001_L_Finger01" name="Bip001_L_Finger01">
                          <matrix sid="matrix">0.8799053 -0.4733409 0.04141191 0.07784247 0.475149 0.8765572 -0.07668883 0 2.98023e-8 0.08715574 0.9961947 -5.96046e-8 0 0 0 1</matrix>
                          <node id="node-Bip001_L_Finger02" name="Bip001_L_Finger02">
                            <matrix sid="matrix">0.7840292 -0.6207238 -2.98023e-8 0.07784271 0.6207238 0.7840291 0 -2.98023e-8 -2.98023e-8 -8.9407e-8 1 0 0 0 0 1</matrix>
                            <extra>
                              <technique profile="OpenCOLLADA">
                                <cast_shadows>1</cast_shadows>
                                <primary_visibility>1</primary_visibility>
                                <receive_shadows>1</receive_shadows>
                                <secondary_visibility>1</secondary_visibility>
                              </technique>
                            </extra>
                          </node>
                          <extra>
                            <technique profile="OpenCOLLADA">
                              <cast_shadows>1</cast_shadows>
                              <primary_visibility>1</primary_visibility>
                              <receive_shadows>1</receive_shadows>
                              <secondary_visibility>1</secondary_visibility>
                            </technique>
                          </extra>
                        </node>
                        <extra>
                          <technique profile="OpenCOLLADA">
                            <cast_shadows>1</cast_shadows>
                            <primary_visibility>1</primary_visibility>
                            <receive_shadows>1</receive_shadows>
                            <secondary_visibility>1</secondary_visibility>
                          </technique>
                        </extra>
                      </node>
                      <node id="node-Bip001_L_Finger1" name="Bip001_L_Finger1">
                        <matrix sid="matrix">0.7080162 -0.6595932 0.2522898 0.2669587 0.6977218 0.7085367 -0.1056411 0.01472104 -0.1090765 0.2508238 0.9618677 -0.08600581 0 0 0 1</matrix>
                        <node id="node-Bip001_L_Finger11" name="Bip001_L_Finger11">
                          <matrix sid="matrix">0.5080726 -0.8613142 0 0.1131709 0.8613141 0.5080727 -2.98023e-8 -1.19209e-7 0 0 0.9999999 2.98023e-8 0 0 0 1</matrix>
                          <node id="node-Bip001_L_Finger12" name="Bip001_L_Finger12">
                            <matrix sid="matrix">0.8520784 -0.5234141 0 0.07134187 0.5234141 0.8520784 0 5.96046e-8 -2.23517e-8 -2.98023e-8 0.9999999 0 0 0 0 1</matrix>
                            <extra>
                              <technique profile="OpenCOLLADA">
                                <cast_shadows>1</cast_shadows>
                                <primary_visibility>1</primary_visibility>
                                <receive_shadows>1</receive_shadows>
                                <secondary_visibility>1</secondary_visibility>
                              </technique>
                            </extra>
                          </node>
                          <extra>
                            <technique profile="OpenCOLLADA">
                              <cast_shadows>1</cast_shadows>
                              <primary_visibility>1</primary_visibility>
                              <receive_shadows>1</receive_shadows>
                              <secondary_visibility>1</secondary_visibility>
                            </technique>
                          </extra>
                        </node>
                        <extra>
                          <technique profile="OpenCOLLADA">
                            <cast_shadows>1</cast_shadows>
                            <primary_visibility>1</primary_visibility>
                            <receive_shadows>1</receive_shadows>
                            <secondary_visibility>1</secondary_visibility>
                          </technique>
                        </extra>
                      </node>
                      <node id="node-Bip001_L_Finger2" name="Bip001_L_Finger2">
                        <matrix sid="matrix">0.6260874 -0.7709936 0.1165491 0.2747864 0.7768895 0.6295787 -0.008575797 0.01137865 -0.06676483 0.0959149 0.993148 -0.01598474 0 0 0 1</matrix>
                        <node id="node-Bip001_L_Finger21" name="Bip001_L_Finger21">
                          <matrix sid="matrix">0.7269461 -0.6866946 0 0.1239195 0.6866946 0.7269461 -4.09782e-8 0 -2.98023e-8 -5.96046e-8 1 2.98023e-8 0 0 0 1</matrix>
                          <node id="node-Bip001_L_Finger22" name="Bip001_L_Finger22">
                            <matrix sid="matrix">0.5586714 -0.8293892 0 0.07462978 0.8293891 0.5586713 0 -1.19209e-7 5.21541e-8 8.9407e-8 1 -5.96046e-8 0 0 0 1</matrix>
                            <extra>
                              <technique profile="OpenCOLLADA">
                                <cast_shadows>1</cast_shadows>
                                <primary_visibility>1</primary_visibility>
                                <receive_shadows>1</receive_shadows>
                                <secondary_visibility>1</secondary_visibility>
                              </technique>
                            </extra>
                          </node>
                          <extra>
                            <technique profile="OpenCOLLADA">
                              <cast_shadows>1</cast_shadows>
                              <primary_visibility>1</primary_visibility>
                              <receive_shadows>1</receive_shadows>
                              <secondary_visibility>1</secondary_visibility>
                            </technique>
                          </extra>
                        </node>
                        <extra>
                          <technique profile="OpenCOLLADA">
                            <cast_shadows>1</cast_shadows>
                            <primary_visibility>1</primary_visibility>
                            <receive_shadows>1</receive_shadows>
                            <secondary_visibility>1</secondary_visibility>
                          </technique>
                        </extra>
                      </node>
                      <node id="node-Bip001_L_Finger3" name="Bip001_L_Finger3">
                        <matrix sid="matrix">0.5854148 -0.8093424 0.04748811 0.2625218 0.8063141 0.5873314 0.06999834 0.01878083 -0.08454394 -0.002687663 0.9964162 0.05677438 0 0 0 1</matrix>
                        <node id="node-Bip001_L_Finger31" name="Bip001_L_Finger31">
                          <matrix sid="matrix">0.7848067 -0.6197407 0 0.1180727 0.6197406 0.7848068 -1.11759e-8 -1.19209e-7 2.98023e-8 0 1 -8.9407e-8 0 0 0 1</matrix>
                          <node id="node-Bip001_L_Finger32" name="Bip001_L_Finger32">
                            <matrix sid="matrix">0.7042068 -0.7099951 -1.49012e-8 0.07566071 0.7099951 0.7042067 -1.49012e-8 1.19209e-7 1.49012e-8 2.98023e-8 1 8.9407e-8 0 0 0 1</matrix>
                            <extra>
                              <technique profile="OpenCOLLADA">
                                <cast_shadows>1</cast_shadows>
                                <primary_visibility>1</primary_visibility>
                                <receive_shadows>1</receive_shadows>
                                <secondary_visibility>1</secondary_visibility>
                              </technique>
                            </extra>
                          </node>
                          <extra>
                            <technique profile="OpenCOLLADA">
                              <cast_shadows>1</cast_shadows>
                              <primary_visibility>1</primary_visibility>
                              <receive_shadows>1</receive_shadows>
                              <secondary_visibility>1</secondary_visibility>
                            </technique>
                          </extra>
                        </node>
                        <extra>
                          <technique profile="OpenCOLLADA">
                            <cast_shadows>1</cast_shadows>
                            <primary_visibility>1</primary_visibility>
                            <receive_shadows>1</receive_shadows>
                            <secondary_visibility>1</secondary_visibility>
                          </technique>
                        </extra>
                      </node>
                      <node id="node-Bip001_L_Finger4" name="Bip001_L_Finger4">
                        <matrix sid="matrix">0.8386482 -0.5251327 -0.1445865 0.2505701 0.5417519 0.8316817 0.121699 0.02877176 0.05634171 -0.1803925 0.9819797 0.1125897 0 0 0 1</matrix>
                        <node id="node-Bip001_L_Finger41" name="Bip001_L_Finger41">
                          <matrix sid="matrix">0.8000261 -0.5999652 -2.98023e-8 0.08922815 0.5999652 0.8000261 7.45058e-9 1.19209e-7 -5.96046e-8 0 1 8.9407e-8 0 0 0 1</matrix>
                          <node id="node-Bip001_L_Finger42" name="Bip001_L_Finger42">
                            <matrix sid="matrix">0.806658 -0.5910187 0 0.05448139 0.5910188 0.8066579 1.49012e-8 -5.96046e-8 -1.49012e-8 -5.96046e-8 1 -5.96046e-8 0 0 0 1</matrix>
                            <extra>
                              <technique profile="OpenCOLLADA">
                                <cast_shadows>1</cast_shadows>
                                <primary_visibility>1</primary_visibility>
                                <receive_shadows>1</receive_shadows>
                                <secondary_visibility>1</secondary_visibility>
                              </technique>
                            </extra>
                          </node>
                          <extra>
                            <technique profile="OpenCOLLADA">
                              <cast_shadows>1</cast_shadows>
                              <primary_visibility>1</primary_visibility>
                              <receive_shadows>1</receive_shadows>
                              <secondary_visibility>1</secondary_visibility>
                            </technique>
                          </extra>
                        </node>
                        <extra>
                          <technique profile="OpenCOLLADA">
                            <cast_shadows>1</cast_shadows>
                            <primary_visibility>1</primary_visibility>
                            <receive_shadows>1</receive_shadows>
                            <secondary_visibility>1</secondary_visibility>
                          </technique>
                        </extra>
                      </node>
                      <extra>
                        <technique profile="OpenCOLLADA">
                          <cast_shadows>1</cast_shadows>
                          <primary_visibility>1</primary_visibility>
                          <receive_shadows>1</receive_shadows>
                          <secondary_visibility>1</secondary_visibility>
                        </technique>
                      </extra>
                    </node>
                    <extra>
                      <technique profile="OpenCOLLADA">
                        <cast_shadows>1</cast_shadows>
                        <primary_visibility>1</primary_visibility>
                        <receive_shadows>1</receive_shadows>
                        <secondary_visibility>1</secondary_visibility>
                      </technique>
                    </extra>
                  </node>
                  <node id="node-Bip001_LUpArmTwist" name="Bip001_LUpArmTwist">
                    <matrix sid="matrix">1 1.04308e-7 -5.96046e-8 -1.19209e-7 1.3411e-7 0.9697351 0.2441577 -2.38419e-7 -2.98023e-8 -0.2441579 0.9697351 -3.57628e-7 0 0 0 1</matrix>
                    <node>
                      <matrix>0.2982649 0 0 0 0 1.27327 0 0 0 0 1.27327 0 0 0 0 1</matrix>
                      
                    </node>
                    <extra>
                      <technique profile="OpenCOLLADA">
                        <cast_shadows>1</cast_shadows>
                        <primary_visibility>1</primary_visibility>
                        <receive_shadows>1</receive_shadows>
                        <secondary_visibility>1</secondary_visibility>
                      </technique>
                    </extra>
                  </node>
                  <extra>
                    <technique profile="OpenCOLLADA">
                      <cast_shadows>1</cast_shadows>
                      <primary_visibility>1</primary_visibility>
                      <receive_shadows>1</receive_shadows>
                      <secondary_visibility>1</secondary_visibility>
                    </technique>
                  </extra>
                </node>
                <extra>
                  <technique profile="OpenCOLLADA">
                    <cast_shadows>1</cast_shadows>
                    <primary_visibility>1</primary_visibility>
                    <receive_shadows>1</receive_shadows>
                    <secondary_visibility>1</secondary_visibility>
                  </technique>
                </extra>
              </node>
              <node id="node-Bip001_R_Clavicle" name="Bip001_R_Clavicle">
                <matrix sid="matrix">0.03315212 -0.8553811 -0.5169374 -0.1128402 0.02002279 -0.5165493 0.8560231 0.04512501 -0.9992497 -0.03872952 2.41399e-6 -0.1933119 0 0 0 1</matrix>
                <node id="node-Bip001_R_UpperArm" name="Bip001_R_UpperArm">
                  <matrix sid="matrix">0.8603227 0.1705625 -0.4803679 0.4544815 -0.1852052 0.9825499 0.01717409 0 0.4749146 0.07419136 0.8768991 -2.38419e-7 0 0 0 1</matrix>
                  <node id="node-Bip001_R_Forearm" name="Bip001_R_Forearm">
                    <matrix sid="matrix">0.5608441 0.8279215 2.98023e-8 0.5965298 -0.8279214 0.560844 -2.98023e-8 -5.96046e-8 2.98023e-8 -1.04308e-7 0.9999999 0 0 0 0 1</matrix>
                    <node id="node-Bip001_R_Hand" name="Bip001_R_Hand">
                      <matrix sid="matrix">0.9152037 -0.1975738 0.3512362 0.5669822 0.2359489 -0.4438558 -0.8644768 5.96046e-8 0.3266962 0.8740462 -0.3596011 0 0 0 0 1</matrix>
                      <node id="node-Bip001_R_Finger0" name="Bip001_R_Finger0">
                        <matrix>0.2939332 0.1585433 -0.9425855 0.08770591 0.8077933 0.4859583 0.3336383 0.06247294 0.5109534 -0.8594815 0.01476905 0.1255724 0 0 0 1</matrix>
                        <node id="node-Bip001_R_Finger01" name="Bip001_R_Finger01">
                          <matrix>0.8799056 -0.4733405 -0.04141182 0.07784283 0.4751486 0.8765573 0.07668877 0 2.98023e-8 -0.0871558 0.9961948 -1.19209e-7 0 0 0 1</matrix>
                          <node id="node-Bip001_R_Finger02" name="Bip001_R_Finger02">
                            <matrix>0.7721181 -0.6207238 0.1361452 0.07784271 0.6112937 0.7840294 0.1077877 5.96046e-8 -0.1736481 3.72529e-8 0.9848078 -1.78814e-7 0 0 0 1</matrix>
                            <extra>
                              <technique profile="OpenCOLLADA">
                                <cast_shadows>1</cast_shadows>
                                <primary_visibility>1</primary_visibility>
                                <receive_shadows>1</receive_shadows>
                                <secondary_visibility>1</secondary_visibility>
                              </technique>
                            </extra>
                          </node>
                          <extra>
                            <technique profile="OpenCOLLADA">
                              <cast_shadows>1</cast_shadows>
                              <primary_visibility>1</primary_visibility>
                              <receive_shadows>1</receive_shadows>
                              <secondary_visibility>1</secondary_visibility>
                            </technique>
                          </extra>
                        </node>
                        <extra>
                          <technique profile="OpenCOLLADA">
                            <cast_shadows>1</cast_shadows>
                            <primary_visibility>1</primary_visibility>
                            <receive_shadows>1</receive_shadows>
                            <secondary_visibility>1</secondary_visibility>
                          </technique>
                        </extra>
                      </node>
                      <node id="node-Bip001_R_Finger1" name="Bip001_R_Finger1">
                        <matrix>0.6478344 -0.7187908 -0.25229 0.2669586 0.7568197 0.6450299 0.1056409 0.01472104 0.08680087 -0.2593759 0.9618677 0.08600569 0 0 0 1</matrix>
                        <node id="node-Bip001_R_Finger11" name="Bip001_R_Finger11">
                          <matrix>0.4310709 -0.902318 0 0.1131709 0.9023181 0.4310709 1.49012e-8 -1.19209e-7 3.72529e-9 2.98023e-8 0.9999999 1.19209e-7 0 0 0 1</matrix>
                          <node id="node-Bip001_R_Finger12" name="Bip001_R_Finger12">
                            <matrix>0.8944546 -0.4471588 0 0.07134187 0.4471588 0.8944547 0 -1.19209e-7 0 2.98023e-8 0.9999999 0 0 0 0 1</matrix>
                            <extra>
                              <technique profile="OpenCOLLADA">
                                <cast_shadows>1</cast_shadows>
                                <primary_visibility>1</primary_visibility>
                                <receive_shadows>1</receive_shadows>
                                <secondary_visibility>1</secondary_visibility>
                              </technique>
                            </extra>
                          </node>
                          <extra>
                            <technique profile="OpenCOLLADA">
                              <cast_shadows>1</cast_shadows>
                              <primary_visibility>1</primary_visibility>
                              <receive_shadows>1</receive_shadows>
                              <secondary_visibility>1</secondary_visibility>
                            </technique>
                          </extra>
                        </node>
                        <extra>
                          <technique profile="OpenCOLLADA">
                            <cast_shadows>1</cast_shadows>
                            <primary_visibility>1</primary_visibility>
                            <receive_shadows>1</receive_shadows>
                            <secondary_visibility>1</secondary_visibility>
                          </technique>
                        </extra>
                      </node>
                      <node id="node-Bip001_R_Finger2" name="Bip001_R_Finger2">
                        <matrix>0.6260873 -0.7709935 -0.116549 0.2747862 0.7768893 0.6295786 0.008575812 0.01137865 0.06676489 -0.09591484 0.9931479 0.01598465 0 0 0 1</matrix>
                        <node id="node-Bip001_R_Finger21" name="Bip001_R_Finger21">
                          <matrix>0.6643305 -0.7474389 0 0.1239196 0.747439 0.6643305 -1.49012e-8 5.96046e-8 7.45058e-9 2.98023e-8 1 0 0 0 0 1</matrix>
                          <node id="node-Bip001_R_Finger22" name="Bip001_R_Finger22">
                            <matrix>0.5586714 -0.8293892 2.23517e-8 0.0746299 0.8293892 0.5586713 2.98023e-8 5.96046e-8 -2.98023e-8 2.98023e-8 1 5.96046e-8 0 0 0 1</matrix>
                            <extra>
                              <technique profile="OpenCOLLADA">
                                <cast_shadows>1</cast_shadows>
                                <primary_visibility>1</primary_visibility>
                                <receive_shadows>1</receive_shadows>
                                <secondary_visibility>1</secondary_visibility>
                              </technique>
                            </extra>
                          </node>
                          <extra>
                            <technique profile="OpenCOLLADA">
                              <cast_shadows>1</cast_shadows>
                              <primary_visibility>1</primary_visibility>
                              <receive_shadows>1</receive_shadows>
                              <secondary_visibility>1</secondary_visibility>
                            </technique>
                          </extra>
                        </node>
                        <extra>
                          <technique profile="OpenCOLLADA">
                            <cast_shadows>1</cast_shadows>
                            <primary_visibility>1</primary_visibility>
                            <receive_shadows>1</receive_shadows>
                            <secondary_visibility>1</secondary_visibility>
                          </technique>
                        </extra>
                      </node>
                      <node id="node-Bip001_R_Finger3" name="Bip001_R_Finger3">
                        <matrix>0.5854146 -0.8093423 -0.04748818 0.2625217 0.8063139 0.5873313 -0.0699984 0.01878071 0.08454393 0.002687648 0.9964163 -0.05677432 0 0 0 1</matrix>
                        <node id="node-Bip001_R_Finger31" name="Bip001_R_Finger31">
                          <matrix>0.7848067 -0.6197407 0 0.1180726 0.6197405 0.7848068 2.98023e-8 5.96046e-8 -7.45058e-9 8.9407e-8 1 0 0 0 0 1</matrix>
                          <node id="node-Bip001_R_Finger32" name="Bip001_R_Finger32">
                            <matrix>0.3381713 -0.9410847 7.45058e-9 0.07566094 0.9410845 0.3381714 2.98023e-8 -5.96046e-8 -5.96046e-8 -2.98023e-8 1 0 0 0 0 1</matrix>
                            <extra>
                              <technique profile="OpenCOLLADA">
                                <cast_shadows>1</cast_shadows>
                                <primary_visibility>1</primary_visibility>
                                <receive_shadows>1</receive_shadows>
                                <secondary_visibility>1</secondary_visibility>
                              </technique>
                            </extra>
                          </node>
                          <extra>
                            <technique profile="OpenCOLLADA">
                              <cast_shadows>1</cast_shadows>
                              <primary_visibility>1</primary_visibility>
                              <receive_shadows>1</receive_shadows>
                              <secondary_visibility>1</secondary_visibility>
                            </technique>
                          </extra>
                        </node>
                        <extra>
                          <technique profile="OpenCOLLADA">
                            <cast_shadows>1</cast_shadows>
                            <primary_visibility>1</primary_visibility>
                            <receive_shadows>1</receive_shadows>
                            <secondary_visibility>1</secondary_visibility>
                          </technique>
                        </extra>
                      </node>
                      <node id="node-Bip001_R_Finger4" name="Bip001_R_Finger4">
                        <matrix>0.8386479 -0.5251325 0.1445864 0.25057 0.5417517 0.8316816 -0.121699 0.02877164 -0.05634168 0.1803926 0.9819795 -0.1125896 0 0 0 1</matrix>
                        <node id="node-Bip001_R_Finger41" name="Bip001_R_Finger41">
                          <matrix>0.7446916 -0.6674088 0 0.08922839 0.6674088 0.7446914 1.49012e-8 0 7.45058e-9 -1.49012e-8 0.9999999 0 0 0 0 1</matrix>
                          <node id="node-Bip001_R_Finger42" name="Bip001_R_Finger42">
                            <matrix>0.7520778 -0.6590744 0 0.05448151 0.6590743 0.7520779 0 1.19209e-7 -1.86265e-8 -1.49012e-8 1 0 0 0 0 1</matrix>
                            <extra>
                              <technique profile="OpenCOLLADA">
                                <cast_shadows>1</cast_shadows>
                                <primary_visibility>1</primary_visibility>
                                <receive_shadows>1</receive_shadows>
                                <secondary_visibility>1</secondary_visibility>
                              </technique>
                            </extra>
                          </node>
                          <extra>
                            <technique profile="OpenCOLLADA">
                              <cast_shadows>1</cast_shadows>
                              <primary_visibility>1</primary_visibility>
                              <receive_shadows>1</receive_shadows>
                              <secondary_visibility>1</secondary_visibility>
                            </technique>
                          </extra>
                        </node>
                        <extra>
                          <technique profile="OpenCOLLADA">
                            <cast_shadows>1</cast_shadows>
                            <primary_visibility>1</primary_visibility>
                            <receive_shadows>1</receive_shadows>
                            <secondary_visibility>1</secondary_visibility>
                          </technique>
                        </extra>
                      </node>
                      <extra>
                        <technique profile="OpenCOLLADA">
                          <cast_shadows>1</cast_shadows>
                          <primary_visibility>1</primary_visibility>
                          <receive_shadows>1</receive_shadows>
                          <secondary_visibility>1</secondary_visibility>
                        </technique>
                      </extra>
                    </node>
                    <extra>
                      <technique profile="OpenCOLLADA">
                        <cast_shadows>1</cast_shadows>
                        <primary_visibility>1</primary_visibility>
                        <receive_shadows>1</receive_shadows>
                        <secondary_visibility>1</secondary_visibility>
                      </technique>
                    </extra>
                  </node>
                  <node id="node-Bip001_RUpArmTwist" name="Bip001_RUpArmTwist">
                    <matrix>1.000001 5.96046e-8 -5.96046e-8 1.78814e-7 2.98023e-8 0.9697354 -0.2441584 -5.96046e-8 -2.08616e-7 0.2441584 0.9697357 0 0 0 0 1</matrix>
                    <node>
                      <matrix>0.2982649 0 0 0 0 1.27327 0 0 0 0 1.27327 0 0 0 0 1</matrix>
                      
                    </node>
                    <extra>
                      <technique profile="OpenCOLLADA">
                        <cast_shadows>1</cast_shadows>
                        <primary_visibility>1</primary_visibility>
                        <receive_shadows>1</receive_shadows>
                        <secondary_visibility>1</secondary_visibility>
                      </technique>
                    </extra>
                  </node>
                  <extra>
                    <technique profile="OpenCOLLADA">
                      <cast_shadows>1</cast_shadows>
                      <primary_visibility>1</primary_visibility>
                      <receive_shadows>1</receive_shadows>
                      <secondary_visibility>1</secondary_visibility>
                    </technique>
                  </extra>
                </node>
                <extra>
                  <technique profile="OpenCOLLADA">
                    <cast_shadows>1</cast_shadows>
                    <primary_visibility>1</primary_visibility>
                    <receive_shadows>1</receive_shadows>
                    <secondary_visibility>1</secondary_visibility>
                  </technique>
                </extra>
              </node>
              <node id="node-Bip001_Head" name="Bip001_Head">
                <matrix sid="matrix">0.7722719 0.6340181 0.04021453 0.1646721 -0.6345839 0.7728517 0.001727574 0 -0.02998456 -0.02685364 0.9991895 2.98023e-8 0 0 0 1</matrix>
                <extra>
                  <technique profile="OpenCOLLADA">
                    <cast_shadows>1</cast_shadows>
                    <primary_visibility>1</primary_visibility>
                    <receive_shadows>1</receive_shadows>
                    <secondary_visibility>1</secondary_visibility>
                  </technique>
                </extra>
              </node>
              <extra>
                <technique profile="OpenCOLLADA">
                  <cast_shadows>1</cast_shadows>
                  <primary_visibility>1</primary_visibility>
                  <receive_shadows>1</receive_shadows>
                  <secondary_visibility>1</secondary_visibility>
                </technique>
              </extra>
            </node>
            <node id="node-Bip001_L_Thigh" name="Bip001_L_Thigh">
              <matrix sid="matrix">-0.1877298 0.9659302 0.1781473 -0.2949231 0.9568745 0.1389152 0.2551343 0.09746814 0.2216945 0.2183609 -0.9503527 0.2767715 0 0 0 1</matrix>
              <node id="node-Bip001_L_Calf" name="Bip001_L_Calf">
                <matrix sid="matrix">0.08085355 0.9967262 -1.49012e-8 0.7540251 -0.9967259 0.08085349 -7.45058e-9 0 -1.49012e-8 5.21541e-8 1 0 0 0 0 1</matrix>
                <node id="node-Bip001_L_HorseLink" name="Bip001_L_HorseLink">
                  <matrix sid="matrix">0.1014466 -0.9948412 -7.45058e-9 0.6193799 0.9948409 0.1014465 1.11759e-8 8.9407e-8 -2.98023e-8 -1.49012e-8 1 0 0 0 0 1</matrix>
                  <node id="node-Bip001_L_Foot" name="Bip001_L_Foot">
                    <matrix sid="matrix">0.622751 0.7822096 -0.01814736 0.3157223 -0.7778079 0.6214281 0.09402987 0 0.08482838 -0.04444198 0.9954038 2.98023e-8 0 0 0 1</matrix>
                    <node id="node-Bip001_L_Toe0" name="Bip001_L_Toe0">
                      <matrix>-1.49648e-6 -1 1.40417e-6 0.2393353 0.9483239 -1.8647e-6 -0.3173037 0.5745062 0.3173037 8.56769e-7 0.9483239 0 0 0 0 1</matrix>
                      <extra>
                        <technique profile="OpenCOLLADA">
                          <cast_shadows>1</cast_shadows>
                          <primary_visibility>1</primary_visibility>
                          <receive_shadows>1</receive_shadows>
                          <secondary_visibility>1</secondary_visibility>
                        </technique>
                      </extra>
                    </node>
                    <extra>
                      <technique profile="OpenCOLLADA">
                        <cast_shadows>1</cast_shadows>
                        <primary_visibility>1</primary_visibility>
                        <receive_shadows>1</receive_shadows>
                        <secondary_visibility>1</secondary_visibility>
                      </technique>
                    </extra>
                  </node>
                  <extra>
                    <technique profile="OpenCOLLADA">
                      <cast_shadows>1</cast_shadows>
                      <primary_visibility>1</primary_visibility>
                      <receive_shadows>1</receive_shadows>
                      <secondary_visibility>1</secondary_visibility>
                    </technique>
                  </extra>
                </node>
                <extra>
                  <technique profile="OpenCOLLADA">
                    <cast_shadows>1</cast_shadows>
                    <primary_visibility>1</primary_visibility>
                    <receive_shadows>1</receive_shadows>
                    <secondary_visibility>1</secondary_visibility>
                  </technique>
                </extra>
              </node>
              <extra>
                <technique profile="OpenCOLLADA">
                  <cast_shadows>1</cast_shadows>
                  <primary_visibility>1</primary_visibility>
                  <receive_shadows>1</receive_shadows>
                  <secondary_visibility>1</secondary_visibility>
                </technique>
              </extra>
            </node>
            <node id="node-Bip001_R_Thigh" name="Bip001_R_Thigh">
              <matrix sid="matrix">-0.7560843 0.6413854 0.1302343 -0.2411442 0.4998393 0.6943502 -0.5177242 0.04381019 -0.4224891 -0.326347 -0.8455771 -0.3360716 0 0 0 1</matrix>
              <node id="node-Bip001_R_Calf" name="Bip001_R_Calf">
                <matrix sid="matrix">0.1582969 0.9873917 0 0.7540252 -0.9873918 0.1582969 1.11759e-8 0 -1.49012e-8 0 1 0 0 0 0 1</matrix>
                <node id="node-Bip001_R_HorseLink" name="Bip001_R_HorseLink">
                  <matrix sid="matrix">-0.2126067 -0.9771379 0 0.61938 0.9771378 -0.2126067 1.49012e-8 2.98023e-8 4.47035e-8 4.47035e-8 1 0 0 0 0 1</matrix>
                  <node id="node-Bip001_R_Foot" name="Bip001_R_Foot">
                    <matrix sid="matrix">0.8200117 0.5652532 0.08983216 0.3157223 -0.5064082 0.7896859 -0.3463337 0 -0.2667055 0.2385059 0.9338005 -5.96046e-8 0 0 0 1</matrix>
                    <node id="node-Bip001_R_Toe0" name="Bip001_R_Toe0">
                      <matrix sid="matrix">-8.86256e-7 -1 -5.03998e-7 0.2393353 0.8480482 -1.01867e-6 0.5299191 0.5745062 -0.529919 4.22298e-8 0.8480483 0 0 0 0 1</matrix>
                      <extra>
                        <technique profile="OpenCOLLADA">
                          <cast_shadows>1</cast_shadows>
                          <primary_visibility>1</primary_visibility>
                          <receive_shadows>1</receive_shadows>
                          <secondary_visibility>1</secondary_visibility>
                        </technique>
                      </extra>
                    </node>
                    <extra>
                      <technique profile="OpenCOLLADA">
                        <cast_shadows>1</cast_shadows>
                        <primary_visibility>1</primary_visibility>
                        <receive_shadows>1</receive_shadows>
                        <secondary_visibility>1</secondary_visibility>
                      </technique>
                    </extra>
                  </node>
                  <extra>
                    <technique profile="OpenCOLLADA">
                      <cast_shadows>1</cast_shadows>
                      <primary_visibility>1</primary_visibility>
                      <receive_shadows>1</receive_shadows>
                      <secondary_visibility>1</secondary_visibility>
                    </technique>
                  </extra>
                </node>
                <extra>
                  <technique profile="OpenCOLLADA">
                    <cast_shadows>1</cast_shadows>
                    <primary_visibility>1</primary_visibility>
                    <receive_shadows>1</receive_shadows>
                    <secondary_visibility>1</secondary_visibility>
                  </technique>
                </extra>
              </node>
              <extra>
                <technique profile="OpenCOLLADA">
                  <cast_shadows>1</cast_shadows>
                  <primary_visibility>1</primary_visibility>
                  <receive_shadows>1</receive_shadows>
                  <secondary_visibility>1</secondary_visibility>
                </technique>
              </extra>
            </node>
            <extra>
              <technique profile="OpenCOLLADA">
                <cast_shadows>1</cast_shadows>
                <primary_visibility>1</primary_visibility>
                <receive_shadows>1</receive_shadows>
                <secondary_visibility>1</secondary_visibility>
              </technique>
            </extra>
          </node>
          <extra>
            <technique profile="OpenCOLLADA">
              <cast_shadows>1</cast_shadows>
              <primary_visibility>1</primary_visibility>
              <receive_shadows>1</receive_shadows>
              <secondary_visibility>1</secondary_visibility>
            </technique>
          </extra>
        </node>
        <extra>
          <technique profile="OpenCOLLADA">
            <cast_shadows>1</cast_shadows>
            <primary_visibility>1</primary_visibility>
            <receive_shadows>1</receive_shadows>
            <secondary_visibility>1</secondary_visibility>
          </technique>
        </extra>
      </node>
    </visual_scene>
  </library_visual_scenes>
  <library_animations>
    <animation>
      <source id="node-Bip001_matrix-input">
